"date";"maxO3";"T6";"T9";"T12";"T15";"T18";"Ne6";"Ne9";"Ne12";"Ne15";"Ne18";"Vx";"maxO3v"
"1";19940401;56;8.6;9.5;6.8;9.1;7.7;6;3;6;7;"4";-10.8329;59.6
"2";19940402;39.2;3.6;5.6;9.2;8.4;4.9;3;4;6;7;"7";-10.3366;56
"3";19940403;36;2.7;7.3;6.3;7;7.9;6;8;8;8;"8";-1.0419;39.2
"4";19940404;41.2;11.8;11.8;11;7;7.7;8;7;6;7;"3";-10.3366;36
"5";19940405;27.6;3.7;8.3;11.6;10.7;7.9;6;3;6;6;"6";-8.8633;41.2
"6";19940406;38.2;6;9.8;11.9;11.6;9.3;4;6;7;8;"8";-5.6382;27.6
"7";19940407;44.6;7.9;9.6;9.5;10.2;8.9;8;7;3;6;"6";-6.4279;38.2
"8";19940408;53.8;5;8.7;10;9.7;9;4;8;8;8;"8";-3.2139;44.6
"9";19940409;45.4;5;8.2;8.8;7.7;6.1;7;7;6;7;"6";-9;53.8
"10";19940410;49.2;6.2;6.4;7.4;9.7;8.5;8;6;7;6;"5";-1.5628;45.4
"11";19940411;50;4.6;8.1;10.5;11;9.8;1;6;1;5;"1";-1.5628;49.2
"12";19940412;50.4;4;9.8;12.3;13.2;10.6;9;5;7;7;"7";-1.3681;50
"13";19940413;42.4;5.7;6.9;7.4;9.3;8.5;7;7;8;7;"8";2.7362;50.4
"14";19940414;21.8;2.6;7.1;7.6;7.2;5.8;4;5;7;7;"2";-1.2155;42.4
"15";19940415;40.8;5;5.5;6;6.1;6.9;7;8;8;7;"7";1.7101;21.8
"16";19940416;42.2;4.8;6.5;11.3;9.6;9.5;8;7;6;6;"0";4.6985;40.8
"17";19940417;61.2;7.1;7.9;9.1;9.5;8.1;8;7;7;8;"7";3.7622;42.2
"18";19940418;54.2;5.7;6.8;8.5;8.3;7.5;8;8;7;8;"7";5.1962;61.2
"19";19940419;34.6;5.1;6.4;8.1;9.4;8;8;8;7;8;"8";2.5712;54.2
"20";19940420;29.8;4.8;7.1;9.9;11.9;11.1;8;7;7;6;"7";-1.2856;34.6
"21";19940421;24.4;2.9;10.1;13.5;13.5;12.8;6;5;5;6;"6";0.8682;29.8
"22";19940422;52.2;4.3;11.7;17.4;18.9;16.7;1;5;7;7;"8";4.4995;24.4
"23";19940423;30.2;11;14.1;16.3;17.7;16.7;6;7;5;5;"2";-1.3892;52.2
"24";19940424;31.8;8.9;13;15.9;14.5;13.1;6;6;5;6;"7";-1.2155;30.2
"25";19940425;23.4;4.2;11;13.9;13.2;12;4;3;7;8;"8";-3;31.8
"26";19940426;20.2;12.1;13;14.8;14.3;13.7;8;8;8;8;"8";-1.7101;23.4
"27";19940427;19.2;12.3;13.4;16.7;20.1;19.5;8;8;7;3;"4";-1.9284;20.2
"28";19940428;25;8.9;16.6;21.3;22.8;21.6;6;6;5;4;"6";1.5321;19.2
"29";19940429;47.4;11.2;19.2;23.8;25.7;24.9;3;5;4;3;"3";1.5;25
"30";19940430;27;11.3;11.5;13.7;17;14.5;7;8;8;3;"6";-2;47.4
"31";19940501;73.6;10.9;16.4;20.5;22;20.3;3;1;5;4;"2";4.924;27
"32";19940502;62;9.5;15.6;20;21.7;20.6;1;2;2;1;"5";2.5981;73.6
"33";19940503;40.4;10.6;16.2;17.3;18;14.6;1;7;7;4;"6";-4.6985;62
"34";19940504;35.4;9.8;11.8;15.2;14.6;12.7;2;7;3;6;"6";-8;40.4
"35";19940505;18;8.4;12.8;14.6;14.9;14.2;8;7;8;8;"7";-2.5712;35.4
"36";19940506;16;12.1;12.9;14.7;14.9;14.7;8;8;8;8;"8";-0.8682;18
"37";19940507;29;11.7;12.5;12.4;10.8;10.5;8;8;8;8;"7";-1.0261;16
"38";19940508;35.6;7.4;12.7;14.2;14.9;13.8;6;7;7;7;"6";-1.0261;29
"39";19940509;37.2;7.5;13.5;16.2;17.3;14.8;8;7;7;7;"6";-0.6428;35.6
"40";19940510;34.8;8.4;14.7;16.6;17.8;18;4;5;7;6;"2";-0.6946;37.2
"41";19940511;65.6;10.7;16.7;19.4;18.7;14.2;6;3;8;8;"8";5.9088;34.8
"42";19940512;63.2;8.8;14.1;16.3;18.5;17.3;2;6;5;4;"2";3.2139;65.6
"43";19940513;78.4;11.4;16.8;20.4;22.6;21.6;1;1;1;4;"6";7;63.2
"44";19940514;54.2;13.3;13.3;16.7;19.7;17.7;8;8;6;4;"2";-3.8567;78.4
"45";19940515;62.2;10.1;17.4;20.5;21;20.6;1;1;6;7;"1";-1.2155;54.2
"46";19940516;22.6;11.7;14.2;14.7;15.6;15.7;7;8;8;8;"7";2.9544;62.2
"47";19940517;40.2;11.5;13;16.2;16.5;14.1;8;7;6;6;"7";-6.8944;22.6
"48";19940518;21.4;10.4;11.3;11.9;11.7;11.2;8;8;8;8;"8";-2.5712;40.2
"49";19940519;44;10.5;12.5;13.7;16.1;14.5;8;7;8;7;"8";3.0642;21.4
"50";19940520;32.8;11.6;15;17.4;16.8;14.6;8;6;6;5;"7";-3.5;44
"51";19940521;43;13;13.5;14.3;16.4;14.6;7;7;6;6;"6";-6.0622;32.8
"52";19940522;43.2;12.8;15.8;18.6;17.8;16;7;7;7;7;"7";-5.1423;43
"53";19940523;47;10.3;15.5;19;19.9;18.7;4;5;5;6;"8";-1.9284;43.2
"54";19940524;35.4;13.1;14.7;17.5;16.4;13.8;7;8;7;7;"7";-3;47
"55";19940525;50.4;11.7;13.9;18.3;16.3;17.1;7;8;6;7;"7";1.7101;35.4
"56";19940526;54.8;11.8;15.1;16.1;14.9;14.5;8;6;6;7;"6";-3.8567;50.4
"57";19940527;52;10.6;12.6;14.9;16.9;15;8;8;8;7;"8";5;54.8
"58";19940528;54.6;10.2;12.9;16.9;17.8;14.5;8;7;7;7;"8";2;52
"59";19940529;58.6;11.1;12.3;15.8;16.7;16;7;8;6;6;"7";4.6985;54.6
"60";19940530;63.2;9.9;14.3;17;18.5;18.2;3;2;1;1;"1";5.1962;58.6
"61";19940531;103.8;10.6;17.8;21.9;23.9;23.3;0;0;0;0;"0";3.7588;63.2
"62";19940601;81;16.2;20.4;25.7;23.7;18.9;3;5;7;3;"8";-4.6985;103.8
"63";19940602;51.6;13.2;16.6;17.2;17;16;8;7;6;7;"7";-3.5;81
"64";19940603;46.2;13;15.1;16.5;15.8;13.2;5;7;5;3;"3";-8.6603;51.6
"65";19940604;49.4;10.9;11.8;14.6;17.3;14.9;8;8;8;6;"7";-6.1284;46.2
"66";19940605;45.8;9.8;14.1;16.1;18.4;17.6;1;5;5;5;"7";-4;49.4
"67";19940606;24.4;14;16.4;19.4;21.7;21.7;8;7;8;5;"3";-3.9392;45.8
"68";19940607;42.8;12.9;16.4;21;23.5;20.6;8;6;5;4;"1";-0.9848;24.4
"69";19940608;46.4;12.4;14.8;17.5;17.1;14.5;7;7;7;3;"1";-4;42.8
"70";19940609;40.2;10.1;14.5;16.8;19.3;18;6;6;6;2;"3";0;46.4
"71";19940610;43.4;11.1;14.6;15.6;14.7;14.7;5;7;7;7;"4";-1.2155;40.2
"72";19940611;73.2;9.9;15.4;16.1;17.3;16.5;3;3;7;6;"2";2.0521;43.4
"73";19940612;79;10.3;15.7;19.7;19.8;18.9;1;1;2;3;"6";4.5963;73.2
"74";19940613;91.8;11.4;17.4;20.7;22.3;20.7;4;5;5;4;"2";1.3681;79
"75";19940614;114.4;12.2;18.4;22;23;20.9;2;0;1;2;"0";1.0419;91.8
"76";19940615;91.2;11.8;17.1;23;22.5;19.9;0;0;2;0;"0";0;114.4
"77";19940616;65.6;10.6;17.3;21.9;23.3;22.1;1;1;1;1;"2";-1.0261;91.2
"78";19940617;75.8;11;19.8;24.6;26.7;26;1;2;2;4;"3";1;65.6
"79";19940618;102.8;12.8;19.9;23.7;25.8;23;1;1;0;1;"1";-0.3473;75.8
"80";19940619;93.4;13.2;17.9;23.7;24.7;20.1;3;2;2;3;"6";-1.5321;102.8
"81";19940620;39.2;14.3;16.3;18.3;18.8;19.4;7;8;7;8;"6";-2.8191;93.4
"82";19940621;30.2;13.4;19.3;22.4;21.6;20.8;2;7;5;4;"1";-5.3623;39.2
"83";19940622;17.4;16.5;18.8;21.4;22.6;22.4;8;8;8;7;"7";-2.8191;30.2
"84";19940623;63.6;15.7;22.1;25.2;27.3;26.6;3;7;7;3;"1";4.924;17.4
"85";19940624;127;19.1;25.7;31.3;32.2;23.3;1;2;1;5;"7";1.3681;63.6
"86";19940625;36;14.9;16.8;20.1;21.2;19.1;7;5;6;6;"8";-1;127
"87";19940626;47.6;13.8;16.4;17.4;21.1;22.2;1;7;7;1;"5";-1.9284;36
"88";19940627;69;14.4;19.2;24.6;25.9;25.6;7;7;2;1;"1";-1.9284;47.6
"89";19940628;93.6;18.1;25.1;28.5;29.9;28.6;0;0;1;2;"1";0.6946;69
"90";19940629;41;16.7;18.5;21.1;22.8;20;6;4;1;1;"0";1.0261;93.6
"91";19940630;69.8;13.7;19.5;24.4;25.9;26.4;4;5;3;1;"0";5;41
"92";19940701;84;18.3;24.6;27.4;25.2;22.3;2;2;7;7;"7";1.5321;69.8
"93";19940702;80.6;14.6;17;21.5;24.4;25.5;8;7;2;1;"1";1.7321;84
"94";19940703;86;15;22;27.1;28.3;25.1;9;2;5;7;"7";1.9284;80.6
"95";19940704;22.4;17;21.3;21.4;23.4;21.5;7;7;6;7;"6";-4.5963;86
"96";19940705;42.4;15.3;17.4;19.6;20.3;19.3;7;7;6;7;"8";-2.8191;22.4
"97";19940706;29.8;14.7;18.9;18.6;19.4;19.5;7;6;8;6;"6";-2.5712;42.4
"98";19940707;18.6;12.6;17.8;16.8;17.6;18;1;7;8;8;"8";-3.0642;29.8
"99";19940708;20.6;12.9;16.2;17.8;19.4;18.3;4;7;8;7;"4";-3.4641;18.6
"100";19940709;39.6;10.9;17.3;21;23.9;24.2;1;5;5;2;"1";-0.9848;20.6
"101";19940710;75.6;13.5;23.3;27;29.2;28.5;1;1;0;0;"0";1.2856;39.6
"102";19940711;121;14.2;25.6;29.6;31.4;30.9;0;0;0;0;"0";0.6428;75.6
"103";19940712;144.2;16.4;26.5;31.2;25.6;22.3;2;1;1;0;"2";-2.8191;121
"104";19940713;42.8;16.4;17.9;19.5;21.6;20.1;8;8;8;2;"3";-3.2139;144.2
"105";19940714;59.4;14.4;20;23.3;24.6;22;1;1;3;1;"1";0.6946;42.8
"106";19940715;35;10.9;18.5;24;27;24.8;0;1;1;0;"3";0;59.4
"107";19940716;111;17.7;22.5;27.8;29.2;27.8;5;7;4;3;"4";4;35
"108";19940717;75.2;19.9;21.7;26.3;23.8;19.9;7;6;7;8;"8";2.9544;111
"109";19940718;60.2;18.5;19.9;24;24.9;21.1;8;8;5;7;"7";0;75.2
"110";19940719;41.8;18.1;20.1;19.6;21.5;19.5;8;6;7;7;"7";-1.0419;60.2
"111";19940720;84;16.5;18.6;23.5;25.3;23.2;8;8;1;2;"7";1.5;41.8
"112";19940721;84;16.2;20.6;25.6;26.9;25.3;8;0;2;3;"0";0.3473;84
"113";19940722;61.4;16.2;20.7;23.7;23.1;21.4;1;3;7;8;"5";0;84
"114";19940723;110.8;16.6;22.6;28.5;31.5;30.5;2;3;2;4;"5";-0.5209;61.4
"115";19940724;115.2;18.8;24.6;29.6;25.7;23.4;3;6;7;7;"3";-1.9696;110.8
"116";19940725;44.4;16.3;17.8;23.8;26.4;25.4;8;8;5;5;"4";-0.9848;115.2
"117";19940726;36;17.1;21.3;25.5;27.7;26.4;7;7;6;1;"0";-3.8567;44.4
"118";19940727;62.8;15.2;19.6;27.2;28;25.4;9;0;1;7;"6";-0.3473;36
"119";19940728;22.2;17.1;17.1;20.2;20.4;20.1;7;8;7;7;"2";-0.5209;62.8
"120";19940729;47.4;15.8;20.9;25.5;27.1;25.4;7;1;0;7;"5";0.9397;22.2
"121";19940730;52;18.7;22.6;26.6;29.2;27.6;6;6;7;4;"2";-4.5963;47.4
"122";19940731;20.6;18.4;21.7;25.9;24;22.3;8;2;4;7;"3";-2.5712;52
"123";19940801;22;16.3;20.1;23;23.3;21.7;5;4;5;3;"2";-6.0622;20.6
"124";19940802;32.8;18.1;21.1;23.2;26;26;7;8;8;7;"6";-2.5712;22
"125";19940803;69.6;18.6;25.3;30.7;33.1;32.4;4;3;1;1;"1";5.1962;32.8
"126";19940804;38.6;20.4;21.6;28.7;29.3;26.8;8;7;5;6;"7";-3;69.6
"127";19940805;21.6;18.6;21.4;24.2;26.3;22.5;7;3;3;3;"1";0;38.6
"128";19940806;26.8;17.2;21.2;25.1;25.7;22.9;7;1;5;6;"3";1.0261;21.6
"129";19940807;44.2;16.3;21.8;27.2;28.4;24.3;5;6;7;7;"7";3.0642;26.8
"130";19940808;74.8;16.9;22.6;27.9;29.9;27.9;0;1;4;3;"3";3;44.2
"131";19940809;53.6;20;23.8;26.4;24.1;21.3;6;7;8;8;"8";3.9392;74.8
"132";19940810;23.6;15.3;18.3;21;21.6;18;7;8;6;7;"5";0.8682;53.6
"133";19940811;26;13;15.6;20.5;21;19.6;2;7;3;7;"7";0;23.6
"134";19940812;36.2;15.7;17.7;20.9;19.5;20.1;7;7;7;7;"6";-1.8794;26
"135";19940813;38;15.1;17.9;19.9;19.7;18.3;7;6;5;5;"0";0.8682;36.2
"136";19940814;50.4;11.2;17.6;21.1;22.6;20.9;1;1;3;3;"1";1.0261;38
"137";19940815;58.6;11.5;18.8;24.3;26.2;25.2;5;6;4;1;"1";2.5981;50.4
"138";19940816;59.2;13.4;19.9;25.3;26.2;21.2;5;7;7;6;"2";-1.0261;58.6
"139";19940817;18.2;13.5;16.3;17.2;17.7;17.2;7;7;8;8;"7";-1.7101;59.2
"140";19940818;31.8;14.8;17.2;21;24.3;22.2;5;4;1;3;"4";-3;18.2
"141";19940819;18.6;18.1;20.4;21.9;22.4;21.3;8;8;8;6;"4";-4.5963;31.8
"142";19940820;31.8;12.5;18.4;21.5;23.9;21.2;4;4;1;1;"1";0.3473;18.6
"143";19940821;32.2;12.9;18.4;25.9;27.4;26.2;5;7;3;4;"4";3.7588;31.8
"144";19940822;49.4;16.2;22;26.9;27.9;25.5;5;7;5;5;"6";-1.9696;32.2
"145";19940823;18.6;16.9;20.1;20.2;19.8;19.5;7;8;7;7;"2";-6.0622;49.4
"146";19940824;18.2;14.1;17.3;18.9;20.8;18.4;7;8;8;7;"7";-1.9284;18.6
"147";19940825;18.6;15;16.9;21.8;21.3;17.7;8;8;6;8;"8";-5;18.2
"148";19940826;20.6;16.5;18.3;21;22.6;19.9;7;7;6;7;"7";-3.7588;18.6
"149";19940827;17;17.5;18.9;20.5;20.3;16;7;8;8;8;"8";-2.5;20.6
"150";19940828;17.8;10.7;15.1;19.3;19.8;18.6;5;6;6;4;"3";-2.5712;17
"151";19940829;20.2;9.6;16.1;19.6;21.8;20;3;1;1;3;"6";0;17.8
"152";19940830;50.4;12.2;18.7;23.4;24.7;22.6;2;3;2;2;"6";2.2981;20.2
"153";19940831;24;15.8;18.4;19.5;20.9;19.1;7;7;8;6;"6";2;50.4
"154";19940901;29.2;14.9;16.4;17.9;20;16.3;7;7;7;6;"6";-5.1962;24
"155";19940902;42.2;13.8;18.2;20.9;22;20.8;1;1;3;2;"2";-2.5712;29.2
"156";19940903;36;13.7;18.1;19.6;19.7;19.2;7;7;8;7;"8";-2.5981;42.2
"157";19940904;20.4;15.8;17.2;18.7;20.1;21;7;7;7;6;"5";-3.7588;36
"158";19940905;35.6;16;17.6;20.7;20.8;18;8;6;6;7;"7";0.3473;20.4
"159";19940906;23;14.2;15.1;16.3;17.2;17.2;8;8;8;8;"8";-2.5981;35.6
"160";19940907;49.4;14.3;15;19.6;21;17.3;8;6;5;6;"7";-3.0642;23
"161";19940908;28.8;12.3;15;13.7;17;14.6;6;5;6;7;"7";-4.3301;49.4
"162";19940911;21.4;14.2;17.7;19.1;19.8;16.8;7;7;8;7;"8";-0.8682;23.6
"163";19940912;21.2;16.3;16.3;19.5;20;16.7;7;3;4;3;"1";-6.5778;21.4
"164";19940913;20.4;10.5;16.1;18.3;19;13.8;1;6;7;7;"8";3.2139;21.2
"165";19940914;20.8;10.3;12.2;16.6;13.8;12.1;8;5;5;7;"7";-3.0642;20.4
"166";19940915;23;12.1;14.1;15.3;16.8;12.2;6;6;7;5;"6";-9.3969;20.8
"167";19940916;25.2;8.3;12.6;14.3;15.1;13.2;8;8;8;7;"7";-1.0419;23
"168";19940917;20;8.4;11.1;13.8;14.2;12.9;7;6;7;7;"7";-4.3301;25.2
"169";19940918;17.8;10.8;13.6;15.1;15.6;13.2;7;3;6;6;"6";-1.0261;20
"170";19940919;15.8;9.8;10.8;12.2;12.8;14.2;8;8;8;8;"8";0;17.8
"171";19940920;15;13.2;14.4;16.8;15.5;13.7;8;7;6;6;"5";-5.3623;15.8
"172";19940921;25.8;8.2;10.3;16.9;18.3;15.9;7;7;4;4;"5";2.8191;15
"173";19940922;31.2;10.3;14;17;15.1;15.7;2;4;8;8;"8";3.8302;25.8
"174";19940923;45.2;13.4;14.8;17.8;17.2;16.7;7;6;8;8;"8";2.9544;31.2
"175";19940924;26.2;15;16.6;17.9;15;15.8;1;6;7;8;"8";3.8567;45.2
"176";19940925;19.2;14.9;14.6;15.4;16.2;15.3;8;8;8;7;"8";3.2139;26.2
"177";19940926;26.8;14.7;16.4;17.1;17.5;16.9;8;7;7;7;"7";3;19.2
"178";19940927;49.6;13.9;16.1;17.6;18.7;15.2;8;3;7;6;"1";0;26.8
"179";19950401;47.6;10.1;11.6;13.3;13.6;12.2;8;8;8;8;"8";-3.4641;62.2
"180";19950402;56.2;9.5;9.4;13.8;17.4;16.3;8;8;7;0;"0";0;47.6
"181";19950403;61.8;3.6;8;16.8;21.5;20.2;4;5;2;2;"3";-0.342;56.2
"182";19950404;50.8;9.5;10.5;11.4;12.2;11.4;8;7;7;7;"8";-0.5209;61.8
"183";19950405;59.8;9.8;10.8;13.8;14.3;13.3;8;7;8;8;"7";-0.9848;50.8
"184";19950406;53.4;8.9;10.2;12.6;13.2;12.9;8;8;8;8;"7";-1.8794;59.8
"185";19950407;49.4;11.2;11;13.3;14.9;12.5;8;8;8;7;"7";-0.1736;53.4
"186";19950408;82.8;10;13.4;15.6;15.4;13.9;8;7;1;3;"7";6;49.4
"187";19950409;76.8;3.7;8.3;12.3;13.9;13.2;2;4;3;5;"5";4;82.8
"188";19950410;92.6;3.1;9.3;14.1;16.5;14.6;6;6;4;4;"7";1.7321;76.8
"189";19950411;90.6;4.3;13.7;17;18.5;17.1;3;2;4;3;"0";4.924;92.6
"190";19950412;104.6;4.8;12.9;18;18.9;16.3;1;1;1;0;"0";4.3301;90.6
"191";19950413;71;5.9;10.9;13.3;15;13.6;1;1;1;1;"1";6.0622;104.6
"192";19950414;66.6;6.5;10.5;14.1;15.6;13.1;0;1;1;2;"4";2.0521;71
"193";19950415;93.8;7;8;13.6;14.1;10.9;8;7;7;7;"8";-2.5;66.6
"194";19950416;87.2;7.1;9.1;11.3;12;10.5;7;7;6;5;"5";-0.8682;93.8
"195";19950417;71.6;9.2;11.2;12;12.1;11.6;8;8;8;8;"8";-3.9392;87.2
"196";19950418;72.4;10.7;12;12.3;10.4;9.8;8;8;8;8;"7";-6.5778;71.6
"197";19950419;63.4;2.6;8.1;7.8;7;6.4;6;3;7;7;"5";-5.3623;72.4
"198";19950420;62.2;-0.3;7.3;10.2;10.5;10.1;1;3;6;8;"8";-2;63.4
"199";19950421;76.8;5.4;11.4;13;12.8;9.1;6;5;7;6;"8";6.8937;62.2
"200";19950422;69.4;6.1;7.3;7.7;8.2;7.3;8;8;8;8;"4";1.0419;76.8
"201";19950423;79.4;2.4;8.9;11.7;12.9;10.3;3;7;7;8;"7";0.9848;69.4
"202";19950424;71.6;6.9;10.4;10.8;9.5;9.1;7;8;8;8;"8";-1.3892;79.4
"203";19950425;77;8.3;9.2;10;10.2;9.7;8;8;8;8;"8";-4.5963;71.6
"204";19950426;57.8;10.1;11.5;11.5;13.2;11.8;9;8;8;8;"8";0.3473;77
"205";19950427;60.8;9.2;9.8;10.7;11.2;11.2;8;8;8;8;"8";2.9544;57.8
"206";19950428;56.2;9.6;10.7;12.3;13.2;13.4;8;8;8;8;"8";3;60.8
"207";19950429;75.6;10.2;11.8;13;14.4;15;8;8;8;7;"7";-2.5981;56.2
"208";19950430;80.2;10.6;11.6;13.9;16.7;16.7;8;8;7;6;"3";-1.2856;75.6
"209";19950501;101.4;9.3;15.2;18.5;20.2;18.6;6;6;6;5;"6";4.924;80.2
"210";19950502;113;8.1;17.1;22.6;23.9;22.5;2;3;5;6;"6";4;101.4
"211";19950503;115.6;9.4;19.5;24.6;25.4;24.1;1;1;1;0;"0";3.4641;113
"212";19950504;117.8;10.2;20.6;26.6;27.7;26.1;0;0;1;1;"2";1.0261;115.6
"213";19950505;127.8;12.6;22.3;28.1;28.9;27.2;0;0;1;1;"1";3.0642;117.8
"214";19950506;144.6;14.5;23.2;27.9;28.6;25.4;3;1;3;1;"4";3.4641;127.8
"215";19950507;157;13.3;22;26.7;27.8;24.7;4;1;1;1;"4";1.5;144.6
"216";19950508;90.8;12.1;15.8;18.3;18;15.5;8;6;3;1;"4";-1.0419;157
"217";19950509;74.4;9.5;13.3;15.8;16.8;13.4;1;4;2;4;"7";-1.3681;90.8
"218";19950510;85.8;10;14;17.2;18.1;15.5;5;4;6;2;"7";1.2856;74.4
"219";19950511;58.2;10.4;11.2;13.1;13.5;11.2;8;8;8;8;"8";5;85.8
"220";19950512;64.4;8;8.7;9.3;8;7.1;8;8;8;8;"8";1.3892;58.2
"221";19950513;74;5;9.6;11.6;11.1;10.1;8;3;5;3;"1";1.3892;64.4
"222";19950514;85.6;2.4;11.2;14.1;15;13.5;1;3;3;4;"5";-1;74
"223";19950515;77.2;6.2;12.2;14.8;15.4;14.6;7;6;7;7;"7";4.924;85.6
"224";19950516;42.8;9.1;10.5;12.1;14.3;15.3;8;8;8;7;"6";3.2139;77.2
"225";19950517;75;12.4;13.4;15.3;15.1;13.6;7;7;6;6;"8";-9;42.8
"226";19950518;80;8;10.7;13.4;13.6;11.9;7;7;6;2;"1";-1.0419;75
"227";19950519;70.4;5.3;11.6;13.9;14.2;13.8;1;3;4;7;"4";-0.3473;80
"228";19950520;69;6.2;11.7;13.4;14.5;12.9;2;7;7;7;"5";-4.4995;70.4
"229";19950521;83.4;5.4;13.6;16.8;17.8;16.9;1;4;3;7;"7";3.7588;69
"230";19950522;94.2;9.6;16.5;20;20.9;19.9;7;6;6;6;"7";4.6985;83.4
"231";19950523;91.8;12.3;18.3;23;24.7;22.2;4;4;3;2;"5";2;94.2
"232";19950524;62;14.2;14.1;16;17.4;17;8;8;8;7;"3";-4;91.8
"233";19950525;59.8;10.9;15.6;19.7;20.1;17;2;6;5;4;"3";-4.5963;62
"234";19950526;62.4;10.9;16.4;18.6;19.6;17.5;6;6;7;7;"7";-2.5;59.8
"235";19950527;60.2;13.9;17;21.6;21.7;19.6;5;7;5;4;"6";-3.5;62.4
"236";19950528;64.2;15.7;19.8;21.4;21.7;19.2;6;6;7;6;"3";-3.8567;60.2
"237";19950529;68.8;12.1;14.9;17.1;19;17;2;8;6;5;"5";-3.0642;64.2
"238";19950530;64.6;10.4;14.9;14.4;16;14.9;6;7;6;7;"6";-1.9284;68.8
"239";19950531;76.8;10.7;14.3;16.3;18;16.4;7;7;7;5;"1";-1.7101;64.6
"240";19950601;66;9;14;16.7;16;14.8;7;7;7;8;"7";-2.9544;76.8
"241";19950602;62.6;11.9;15.1;17.7;16.7;16.2;8;6;6;8;"7";-1.9284;66
"242";19950603;46.2;11.7;14;14.9;16.9;16.9;8;8;8;7;"8";-3.0642;62.6
"243";19950604;69.4;11.6;16;17.6;16.6;15.7;7;7;6;6;"2";-5.1962;46.2
"244";19950605;72.2;8.6;13.9;16.3;16.6;16.3;3;6;6;6;"2";-0.6946;69.4
"245";19950606;78.2;8.7;15.7;19.5;20.2;17.8;3;4;4;4;"2";-0.766;72.2
"246";19950607;45.2;11;15.9;17.6;19.5;17.6;8;7;7;7;"7";-1.0261;78.2
"247";19950608;77.2;11.5;15;16.7;17.3;16;1;5;3;2;"2";-1.3892;45.2
"248";19950609;74;8.6;15.3;16.5;18.2;16;1;5;7;6;"1";2;77.2
"249";19950610;63.8;7.8;14.2;16.1;15.9;14.4;2;8;8;8;"7";-1.9284;74
"250";19950611;45.8;11.8;13.2;16;16.5;15.3;8;8;7;7;"7";-2;63.8
"251";19950612;64.6;11.9;13.6;15.2;16.5;14.9;2;8;6;6;"7";2.5;45.8
"252";19950613;60;10.8;13.4;14.8;14.4;14.4;5;7;7;6;"4";0.8682;64.6
"253";19950614;81;7.7;14.2;16.7;16.6;16.7;0;5;7;7;"3";0.8682;60
"254";19950615;65.6;9.9;16;18.5;20.6;19.8;7;6;4;2;"1";1.0419;81
"255";19950616;54.6;10.4;14.5;21.4;24.7;21.2;8;2;1;1;"4";-1.5321;65.6
"256";19950617;49.6;12.9;15.7;17;14.6;14.2;7;8;8;8;"8";-4.5963;54.6
"257";19950618;33.2;15.8;16.9;17.1;16.9;17.6;7;8;8;7;"6";0.3473;49.6
"258";19950619;66.6;14.4;18.3;21.6;24.2;23.8;7;6;3;6;"7";-1.5;33.2
"259";19950620;60.8;15.1;20.3;22.3;25.3;21.5;7;7;8;7;"7";-1;66.6
"260";19950621;56.4;15.3;18.6;23;24.4;22.8;8;3;1;1;"1";2;60.8
"261";19950622;78;14.6;18.5;21.6;22.4;21.3;1;1;1;1;"3";6.0622;56.4
"262";19950623;77.4;13.2;16;17.9;19.4;19.5;1;3;5;3;"1";6.1284;78
"263";19950624;70.8;12.7;14.9;20;21.2;18.2;6;6;1;2;"1";3;77.4
"264";19950625;93.6;12.6;18.3;22.5;24.8;24.5;5;1;4;2;"1";4.924;70.8
"265";19950626;102.2;17.9;24.3;28.8;29.7;26.7;0;1;1;2;"1";6.8937;93.6
"266";19950627;114;19;25.3;29.1;28.7;25.3;0;0;1;2;"1";6.5778;102.2
"267";19950628;121.6;17.1;23.6;30.5;30.9;31.2;0;6;2;3;"1";5.6382;114
"268";19950629;136.8;21.5;28.6;32.2;33.2;31.5;0;0;1;1;"0";5.9088;121.6
"269";19950630;137.4;19.1;27.4;32;33.5;30.6;0;0;1;1;"4";1.5;136.8
"270";19950701;136.6;18.3;22.9;30.3;21.8;20.1;6;6;6;8;"8";-1.9696;137.4
"271";19950702;86;17.2;19.3;22.7;24.3;20.3;8;7;6;6;"7";-2.8191;136.6
"272";19950703;84.4;15.1;17.4;19.2;19.3;19.5;8;7;7;7;"2";-1.3681;86
"273";19950704;77.6;12.8;17.6;20.7;20.9;19.1;0;6;7;6;"0";-1.0261;84.4
"274";19950705;51;12.3;18.5;19.2;20.3;20.4;1;6;8;8;"7";-0.684;77.6
"275";19950706;50.8;14.8;18.3;20.4;20.8;20.8;7;7;7;6;"7";-1.5;51
"276";19950707;75.8;13.7;20.2;24.3;26.4;24.5;5;2;5;3;"2";0.5209;50.8
"277";19950708;134;15.9;23.9;28.4;29.7;28.3;3;3;6;1;"3";4.3301;75.8
"278";19950709;129.6;18.3;26.5;32.7;33.5;32.5;0;1;3;3;"2";1.5;134
"279";19950710;98.8;21.2;24.8;25.2;27.6;23.1;7;4;7;5;"7";-1.9284;129.6
"280";19950711;66.8;17.7;17.7;21.3;25.1;23.4;8;8;7;4;"2";-2.9544;98.8
"281";19950712;71.4;18.1;21.4;24.6;25.7;25.2;4;2;7;7;"7";0.5209;66.8
"282";19950713;69.8;16.9;18.6;22.3;25.2;23.3;7;7;7;7;"7";-0.342;71.4
"283";19950714;59.6;16.9;19.9;23.2;19.1;20.6;5;7;6;8;"6";-6.0622;69.8
"284";19950715;79.2;17;19.9;22.6;24.3;22.8;8;7;5;5;"3";-4.924;59.6
"285";19950716;63.6;15.4;19;22.4;21.5;21.4;5;7;6;7;"7";-4.6985;79.2
"286";19950717;53.6;17.2;18;22.3;24.8;23.1;8;8;7;7;"7";-3.5;63.6
"287";19950718;69.6;15;21;24.9;27;26.9;6;5;6;5;"3";-3.9392;53.6
"288";19950719;104.2;18;20.2;27.2;30.6;30.3;8;7;3;3;"3";0;69.6
"289";19950720;123.4;19.2;27.6;33.1;34.9;34.1;0;1;1;3;"3";1.8794;104.2
"290";19950721;80.6;18.8;23.2;24.3;25.7;21.9;6;0;0;0;"1";-1.7101;123.4
"291";19950722;70.6;16.3;19.6;21.4;21.7;19.3;6;2;1;1;"0";2.7362;80.6
"292";19950723;105.6;11.3;20;23.4;25.8;24.2;0;0;0;0;"1";1.9696;70.6
"293";19950724;117.2;13.9;22.9;28.1;30.1;29.2;1;1;0;0;"0";3.9392;105.6
"294";19950725;128;18.4;26.1;31;32.6;31.7;1;4;3;5;"7";6.8937;117.2
"295";19950726;96.4;19.3;23.7;24.6;24.1;21.6;7;5;6;7;"6";-5.1423;128
"296";19950727;48;17.1;17.8;21.3;22.4;21;8;8;7;6;"7";-5.1962;96.4
"297";19950728;56.8;19.6;20.5;22.4;25.4;26.2;8;8;8;3;"1";-1.7321;48
"298";19950729;98.2;17;23.3;28;30.2;29.2;9;3;1;0;"2";2.5981;56.8
"299";19950730;114.6;15.9;25.9;30.7;31.1;29.9;1;1;3;3;"2";1.7321;98.2
"300";19950731;138.8;19.2;25.4;29.6;30.7;28.9;2;0;4;5;"4";1.0261;114.6
"301";19950801;140.8;17.9;25.6;32;32.2;32;5;2;1;3;"4";0.3473;138.8
"302";19950802;134.6;20.5;24;29.9;32.7;26.2;7;5;6;6;"3";0.766;140.8
"303";19950805;114.8;17.4;22.2;26.3;23.4;18.3;5;1;3;8;"8";-1.7321;173
"304";19950806;104.4;17.3;19.4;22.7;22.5;20.8;7;7;6;7;"7";-1.2856;114.8
"305";19950807;76.6;17.4;20;20.1;19.4;19.4;8;6;8;8;"8";3;104.4
"306";19950808;75;14.5;18.5;20.1;20.4;19.5;1;7;7;7;"7";5.1962;76.6
"307";19950809;115.8;16.5;21;24.2;25.4;25.3;8;3;2;7;"1";3.8302;75
"308";19950810;144;16.8;24.2;27.2;29.2;28.7;0;1;4;6;"2";5.1962;115.8
"309";19950811;144.4;17;25.1;30.6;32.4;30.1;0;0;1;2;"1";-0.9848;144
"310";19950812;108.2;17.2;18;20.5;25.7;24.2;8;8;7;1;"5";-1.7321;144.4
"311";19950813;72.4;18.1;19.8;23;23.4;21.1;7;3;3;1;"1";0;108.2
"312";19950814;88.6;14.6;19.4;22.3;22.3;21.1;1;3;4;7;"5";0;72.4
"313";19950815;112;12.2;20.3;24.4;25.9;23.9;1;1;2;2;"0";1.7101;88.6
"314";19950816;131.2;13.1;21.8;27.1;29;26.2;0;0;1;6;"3";3.8302;112
"315";19950817;131.6;14.7;24.8;28.6;29.4;28;3;3;1;3;"1";4.3301;131.2
"316";19950818;125.6;14.7;24.1;28;28.8;26.8;1;1;2;2;"3";5.6382;131.6
"317";19950819;155.8;15;22.8;29.6;30.3;27.9;0;0;2;2;"1";1.5321;125.6
"318";19950820;161.4;17.8;22.2;28.4;29.2;26.6;6;0;0;3;"7";1.0261;155.8
"319";19950821;125.4;16.3;23.9;28.2;28.2;25.9;0;0;1;3;"0";4.3301;161.4
"320";19950822;111.4;14.3;22.8;27.2;28.2;25.3;1;1;1;1;"1";2.5;125.4
"321";19950823;91.4;17.7;21;23;23.9;21.7;7;5;8;7;"7";-3;111.4
"322";19950824;68;14;19.9;23.2;24.4;22.7;5;5;5;4;"6";-1.2155;91.4
"323";19950825;73;19.1;20.5;23.8;26;24.1;8;7;7;4;"5";-3.9392;68
"324";19950826;86;14.9;19.7;22.8;24.4;21.3;1;5;2;1;"1";-3.8567;73
"325";19950827;73.8;17.4;20.6;23.2;22.8;18.3;6;6;7;7;"7";-2.0521;86
"326";19950828;65.4;13.2;16.1;20;19.6;17.1;6;6;4;4;"5";-1.2155;73.8
"327";19950829;65.4;9.6;17.7;21.3;20.7;19.8;1;3;5;7;"5";-2.0521;65.4
"328";19950830;81.2;16.7;18.4;19.1;21.6;20.4;7;5;6;2;"1";3.2139;65.4
"329";19950831;60.6;10.2;15.9;20.5;20.8;20.9;5;7;7;7;"4";1.0419;81.2
"330";19950901;58.8;15.9;18.7;19.4;20.8;18.7;7;7;7;5;"1";-0.6946;60.6
"331";19950902;68;13.1;16.1;21.4;22.1;18.4;8;7;7;7;"6";-2;58.8
"332";19950903;69.8;11.1;16.9;19.7;19;16.2;6;2;5;6;"1";-6.8937;68
"333";19950904;62.2;12;17;20.7;20.2;17.1;5;7;7;7;"7";-4;69.8
"334";19950905;66.2;12;16.2;19;21;18.4;7;3;4;5;"6";-2.8191;62.2
"335";19950906;64.8;13;17.7;17.5;18.1;18.3;7;7;8;8;"6";0;66.2
"336";19950907;67;17.5;17.1;18.9;16.7;16.8;7;8;7;8;"8";-6;64.8
"337";19950908;79.8;15.7;18;20.6;20.7;17.6;6;5;7;7;"4";-6.8937;67
"338";19950909;65.6;12.8;16.9;20.6;21;17.3;1;5;6;7;"8";-1.0419;79.8
"339";19950910;59;15.2;15.6;19;20.2;17.6;7;8;7;8;"8";1.9284;65.6
"340";19950911;78;11.5;16.6;19.8;16.5;17.7;0;2;5;7;"4";-3.4641;59
"341";19950912;56.2;11.3;16.5;18.4;15.2;16.2;3;5;4;4;"5";-3.7588;78
"342";19950913;70.6;10.2;14;17.8;20.1;18.6;5;7;6;5;"2";-1.8794;56.2
"343";19950914;45.6;13.8;14.3;13.6;16.1;15.8;8;8;8;7;"7";-3.8567;70.6
"344";19950915;48.2;13.6;15.6;17;15.1;14.8;8;6;7;7;"7";-4.924;45.6
"345";19950916;75.2;12.5;15.1;17.1;17.5;15.2;7;7;6;5;"7";-3.2139;48.2
"346";19950917;83.6;9.8;13.2;19.4;20.1;17.8;4;7;4;7;"7";2.8191;75.2
"347";19950918;75.2;14.3;16.2;19.8;18.4;16.6;7;7;6;7;"6";3.7588;83.6
"348";19950919;91.8;10.9;15.1;19.2;18.2;17.7;2;7;7;7;"8";3.5;75.2
"349";19950920;71.2;13.7;16.4;17.4;18.6;15.9;1;6;5;3;"2";0;91.8
"350";19950921;72.6;10.4;15.6;18.3;17.5;15.5;7;1;3;3;"1";0;71.2
"351";19950922;70.8;7.6;12.9;17;18.6;17;1;3;7;6;"4";1.7321;72.6
"352";19950923;53.2;10.8;12.2;18;17.9;17;9;9;7;7;"3";-0.5;70.8
"353";19950924;66.8;12.4;14.9;14.7;17.9;14;6;8;7;6;"3";-3.4641;53.2
"354";19950925;58;8.6;12.9;16.1;17.3;15.4;4;1;3;6;"7";-2;66.8
"355";19950926;49.2;11.4;14.6;16.2;16.8;16.3;7;7;7;7;"7";-3.8567;58
"356";19950927;60.4;16.5;17.6;15.9;17.2;14.7;8;8;8;5;"7";-4.4995;49.2
"357";19950928;49.6;6.7;11.6;15.8;15.2;13;4;2;7;6;"7";-5.1962;60.4
"358";19950929;45;7.6;11.1;15.3;15.9;13.9;6;7;7;7;"7";-1.5;49.6
"359";19950930;52.8;10.9;11.9;14.3;15.3;15.6;8;8;8;8;"8";0;45
"360";19960401;75.2;3.7;5.1;8.8;9.2;7.9;7;7;6;5;"6";6.5778;86.8
"361";19960402;75.4;0.2;5;6.3;7.6;6.1;0;1;5;3;"1";3.5;75.2
"362";19960403;81.6;-0.2;5.5;7.1;8.8;8.1;5;2;5;3;"3";3.2139;75.4
"363";19960404;95.8;-1.6;6.5;10.5;12.2;10.7;0;0;0;0;"0";4.924;81.6
"364";19960405;64;0.3;8;9.3;8.1;6.9;6;1;7;7;"8";5;95.8
"365";19960406;53;4.3;6.9;8.6;9.6;9.6;8;8;8;8;"8";-1.5321;64
"366";19960407;70.2;7.1;8.2;10.3;11.8;11.6;8;8;8;8;"8";-1;53
"367";19960408;83.4;7.3;8.9;12.4;13.2;12.6;8;8;8;8;"8";-1.7321;70.2
"368";19960409;87;4.9;10.2;15.2;16.6;15.4;7;7;6;3;"3";0.5209;83.4
"369";19960410;79.6;8.6;9.9;13.5;16.3;13.6;8;8;7;6;"7";-1.5;87
"370";19960411;81;8.2;10.6;14.3;16;15;7;7;7;6;"7";-0.866;79.6
"371";19960412;79.8;9.2;11.6;17.9;18.6;16.1;7;7;5;7;"8";-0.3473;81
"372";19960413;50;10.3;11.2;12.8;13.4;12;8;8;7;7;"5";-1.8794;79.8
"373";19960414;86.8;6.2;8;12.1;13.8;12.9;8;8;8;8;"8";-0.9848;50
"374";19960415;70;11.3;14.7;16.5;17;16.2;7;6;7;7;"7";0.6946;86.8
"375";19960416;105.8;7.4;13.3;18.6;17.4;15.4;7;7;6;8;"8";2.5;70
"376";19960417;81.4;7.9;11.7;15;16.3;12;4;6;6;6;"6";-5.9088;105.8
"377";19960418;68.2;8.1;12.5;15.2;14.2;13.5;9;6;6;7;"7";-3.5;81.4
"378";19960419;87;9.1;13.2;17.7;19.1;18.5;8;5;7;7;"7";-0.5209;68.2
"379";19960420;93.6;13.5;15.1;18.1;19.9;17.3;7;7;7;6;"6";-2.0521;87
"380";19960421;95.6;11.9;17.9;20.8;19.6;14.4;7;1;7;4;"8";-3.4202;93.6
"381";19960422;63.6;10.5;11.3;13.4;15;14.1;8;7;7;7;"8";2.5981;95.6
"382";19960423;68.6;9.6;11.6;12.7;11.7;12.7;8;7;7;7;"3";-5.9088;63.6
"383";19960424;81.6;6.7;12.7;14.3;13.3;11.4;2;6;6;7;"3";-3.0642;68.6
"384";19960425;84.4;4.5;10.9;12.8;14.8;13.5;3;3;7;2;"1";-1.0261;81.6
"385";19960426;85.6;3.7;9.4;15.5;16.8;15.2;9;1;3;3;"0";2.5712;84.4
"386";19960427;112.4;7;12;20.3;21.3;17.2;2;6;5;4;"7";4.6985;85.6
"387";19960428;100.2;9.1;15;18.7;17.5;14.5;7;5;5;5;"2";-1.2155;112.4
"388";19960429;89.6;6.8;12.2;15;15.7;12.9;1;1;4;5;"5";1.5;100.2
"389";19960430;74.6;5.6;11.1;15.1;14.8;13.4;6;3;5;6;"6";-2.8191;89.6
"390";19960501;81.8;8.3;10.6;10.3;12.8;9.4;7;7;7;7;"7";1.0419;74.6
"391";19960502;79;7.9;11.7;13;12.5;11.4;7;7;6;7;"7";1.2155;81.8
"392";19960503;65.8;8.1;8.9;9.3;10;8.9;8;8;7;8;"8";1.0419;79
"393";19960504;85;7.2;10.9;12.3;12.8;12.6;8;3;5;7;"5";3.9392;65.8
"394";19960505;105.6;4.2;11.1;14.6;16.3;15.1;5;1;3;3;"1";4.924;85
"395";19960506;79;8.9;7.5;7.9;10.1;10.3;8;8;8;8;"7";5.3623;105.6
"396";19960507;71.4;8;9.8;13.6;15.3;14.5;8;7;7;7;"7";3.8567;79
"397";19960508;74.8;9.8;9.2;10.4;9.8;10.4;8;8;8;8;"8";5.1423;71.4
"398";19960509;84.8;6.4;10.3;12.7;12.7;10.9;2;2;2;3;"3";4.5;74.8
"399";19960510;77;4.8;10;11.6;11.3;10.8;1;4;6;7;"3";2.5;84.8
"400";19960511;71.6;6;10.4;11.4;11.4;11;7;5;7;7;"6";2.5;77
"401";19960512;95.4;7.3;10.6;13.1;12.9;12;7;7;7;7;"2";1.7101;71.6
"402";19960513;95.2;3.2;11.6;14.4;15.2;13.4;0;2;6;7;"7";0.6428;95.4
"403";19960514;81.2;5.4;13.5;13.1;11.7;11.5;3;3;7;8;"7";3.5;95.2
"404";19960515;71;10.3;11.4;13.1;13.7;12.4;8;8;8;8;"8";2.5;81.2
"405";19960516;58.6;9.2;9.1;8.3;8.3;8.1;8;8;8;8;"8";4.3301;71
"406";19960517;43.2;7.7;8.8;10.1;12.4;10.7;8;8;8;7;"8";0;58.6
"407";19960518;72;10;11.7;16.5;16;16.4;9;7;7;6;"3";0.866;43.2
"408";19960519;86;6.5;8.4;12.9;14.2;12.6;3;7;6;5;"4";-5.3623;72
"409";19960520;82.8;8.7;12.5;13.8;16.3;14.6;7;7;6;3;"1";-0.6428;86
"410";19960521;88;8.7;13;14.1;16;14.9;4;5;6;6;"5";-5.6382;82.8
"411";19960522;67.2;10;14.2;13.4;12.7;12.6;8;8;8;8;"8";-3;88
"412";19960523;50;13.1;14.7;16.7;17.4;15.7;8;8;7;7;"7";-4.5963;67.2
"413";19960524;53.6;12.7;14.4;15.8;17.5;13.9;8;7;7;6;"8";-4;50
"414";19960525;62.8;12.3;11.7;13.5;14.2;13.6;8;8;8;8;"8";0;53.6
"415";19960526;64;12.2;13.3;13.8;14.5;14.5;8;8;8;8;"8";-3.8567;62.8
"416";19960527;71.4;12.1;13.6;15.6;16;14.8;7;7;7;7;"7";-6.1284;64
"417";19960528;68.4;10.7;13.5;16.7;18.1;18.2;7;8;7;5;"1";-1.0261;71.4
"418";19960529;90.6;11.3;15.2;20.7;22.6;23.1;8;2;2;2;"1";-1;68.4
"419";19960530;112.6;14.9;22.7;26.4;28.4;25.1;5;6;5;5;"7";1.2155;90.6
"420";19960531;60.2;13.9;15.5;17.6;18.6;17;7;7;8;8;"7";-1.7321;112.6
"421";19960601;86.8;10.5;13.4;17.1;17.7;15.6;3;7;5;6;"6";-3.7588;60.2
"422";19960602;81.2;10.9;13.6;15.5;15.6;15.3;7;7;7;7;"5";0;86.8
"423";19960603;90.2;7.7;14.6;18.7;21;19.5;0;1;2;1;"2";-2;81.2
"424";19960604;90;13.8;17.9;21.9;24;23.6;7;2;1;1;"1";1;90.2
"425";19960605;139;15.7;22.8;26.8;28.2;27.7;1;1;1;1;"2";2.2981;90
"426";19960606;139.6;18.5;26.2;30.8;31.8;30;3;4;4;1;"0";0.684;139
"427";19960607;130;19.3;27;30.6;31.6;26.1;0;0;0;1;"1";-0.8682;139.6
"428";19960608;94.6;13.3;12.6;12.6;12.8;14.1;7;8;8;8;"5";0;130
"429";19960609;86.8;9.9;16.9;21.4;23.2;23.1;2;4;3;2;"1";-1.5;94.6
"430";19960610;80;15.9;18.7;22.1;24;22.1;6;6;5;6;"7";0;86.8
"431";19960611;60;14.2;20.2;23.7;24.8;22.9;0;1;2;1;"0";-3.2139;80
"432";19960612;78.2;16;18.4;18.4;20.7;18.9;6;5;7;2;"0";1.3681;60
"433";19960613;121;12.5;19.7;22.6;24.3;23.5;0;1;0;0;"0";4.3301;78.2
"434";19960614;111.2;14;19.3;23.1;25.3;24.4;1;3;2;1;"1";5.1962;121
"435";19960615;129.4;15;21.4;25.3;27.3;26.6;3;5;5;4;"3";6.8937;111.2
"436";19960616;126.8;16.5;22.8;27.7;29.1;28;1;1;1;1;"1";6;129.4
"437";19960617;125;17;23;27.5;28.6;27.4;1;2;7;3;"3";0.766;126.8
"438";19960618;125.8;14.9;22.6;26.9;27.5;26.2;1;1;0;1;"1";-2.2981;125
"439";19960619;113.8;16.5;22;27.2;27.7;22.3;2;5;6;7;"8";-1.3681;125.8
"440";19960620;64.6;15.9;18.8;21.3;22;19.7;1;5;6;6;"6";-4.6985;113.8
"441";19960621;94.8;14.7;17.7;17.2;19.6;18.5;6;6;7;2;"1";2.3941;64.6
"442";19960622;98.2;10.5;16.1;18.7;19.1;17.3;0;3;3;5;"5";-3.2139;94.8
"443";19960623;113.2;10.5;16.6;19.4;20.9;18.5;0;2;4;4;"1";2.5;98.2
"444";19960624;96.4;10.7;18.1;20;20.9;19.1;1;3;6;5;"4";0;113.2
"445";19960625;95.6;11.4;18;21.6;22.6;21;7;6;5;5;"5";0.5209;96.4
"446";19960626;62.6;12.5;15.1;17.1;20;18.9;8;8;8;7;"8";-2.5981;95.6
"447";19960627;41.8;16.1;17.6;20.6;19.7;20;8;8;8;8;"7";-0.9397;62.6
"448";19960628;72.6;14.7;19.6;21.7;22.1;21.1;7;6;7;7;"7";-4.6985;41.8
"449";19960629;72;14.7;16.3;18.1;19.1;17.4;7;7;7;5;"1";-5.7851;72.6
"450";19960630;57.4;13;15.7;18.2;16.7;18.6;7;7;8;8;"7";-5.9088;72
"451";19960701;69.6;13.7;16.6;17.7;19.1;18.3;6;7;7;6;"6";-4.6985;57.4
"452";19960702;53.2;13.5;16.8;18;19.5;18.9;7;6;7;7;"7";-4.924;69.6
"453";19960703;38;14;17.9;18.9;17.6;16.8;8;7;8;8;"7";-3.8567;53.2
"454";19960704;65;14.2;17.2;21;21.1;18.6;5;6;6;5;"7";-6.5778;38
"455";19960705;49.4;12.8;14.3;18.1;15.2;14.1;8;7;7;7;"7";-2.5981;65
"456";19960706;58.2;10;15.1;18.5;13.4;16.3;2;6;7;8;"7";-4.6985;49.4
"457";19960707;73.6;10.6;15.1;17.6;17;16.7;7;7;6;5;"3";0;58.2
"458";19960708;62;12.1;16.8;19.6;20.6;18.7;3;7;6;4;"5";-2.0521;73.6
"459";19960709;56;11.1;17.7;19.2;18.6;17.5;1;5;7;8;"8";-4.924;62
"460";19960710;70.8;15.5;18;20.5;21.6;20.9;8;7;5;2;"1";-2.0521;56
"461";19960711;73;14.2;15.3;17.4;22.8;21.3;8;8;8;1;"1";-1.7321;70.8
"462";19960712;54.8;13;15.4;18.6;22.2;20.9;8;7;7;7;"6";1.0261;73
"463";19960713;33.6;17.3;19.1;21;22.1;22.8;7;7;7;7;"6";-1.5321;54.8
"464";19960714;57.2;17;18.6;23.1;26.2;24.1;8;7;3;1;"2";-0.3473;33.6
"465";19960715;96.4;17.7;19.5;24.4;26.8;27.3;8;7;6;6;"4";3.4641;57.2
"466";19960716;105.6;15.4;20.5;24.5;27;26.3;0;0;0;0;"1";6.5778;96.4
"467";19960717;114.4;15.3;22;25.9;28.6;28.2;1;0;0;0;"0";4.924;105.6
"468";19960718;119.8;15.2;22.7;27.2;29.3;28.4;1;2;2;0;"1";4.6985;114.4
"469";19960719;126.2;15.2;22.9;26.9;29.5;29;3;3;2;1;"1";3.9392;119.8
"470";19960720;151.4;14.1;24.2;29.2;31;30.3;1;3;1;1;"1";1.2856;126.2
"471";19960721;143.2;14.8;24.5;31.3;31.9;30.9;2;2;1;1;"0";1.9696;151.4
"472";19960722;134.4;18.2;27.1;32.2;33.8;33.6;0;0;1;1;"1";3.0642;143.2
"473";19960723;117.8;16.7;21;25.7;26.4;22.7;1;4;2;5;"6";-4.924;134.4
"474";19960724;69;16;19.6;22.1;22.7;20;7;6;5;3;"2";-1.7101;117.8
"475";19960725;103.6;12.5;20.7;24.6;26;23.7;1;1;5;3;"1";2.8191;69
"476";19960726;127.8;13.5;19.9;25.5;27.8;24.3;3;2;3;3;"2";3.8302;103.6
"477";19960727;67.2;16.3;18.8;22.4;23.5;22.2;7;7;6;7;"5";0.8682;127.8
"478";19960728;46.2;14.4;19.2;22.7;23.3;23.3;6;4;7;7;"6";-2.5981;67.2
"479";19960729;65.6;17.7;19.3;24.2;25.5;22;8;7;6;6;"7";-3.9392;46.2
"480";19960730;66.8;17.1;19.4;21;24.3;23.8;8;7;7;5;"4";-1.9696;65.6
"481";19960731;56.4;12.6;20.2;21;23.9;22.4;1;7;8;4;"7";-4.3301;66.8
"482";19960801;69.2;17;19.5;21.6;22.1;21.4;7;7;5;7;"5";-4.5963;56.4
"483";19960802;61.6;13.4;18;19.4;21.5;19.9;4;6;7;7;"1";-2.0521;69.2
"484";19960803;104.8;10.3;18.8;22.7;24.4;22.9;1;1;5;3;"0";2.5712;61.6
"485";19960804;131;14.5;23.2;26.4;27.7;26.9;0;0;0;2;"5";4.6985;104.8
"486";19960805;108.6;14.3;22.7;26.9;24.1;24.1;3;7;7;7;"7";-2.0521;131
"487";19960806;77.6;17.4;16.5;21.6;23;20.2;8;4;2;2;"1";-4.3301;108.6
"488";19960807;73.6;8.9;17.1;20.4;23;20.4;0;3;3;2;"1";-0.5209;77.6
"489";19960808;89.4;9.8;19;24.7;26.8;23.7;3;6;2;6;"7";-2.5;73.6
"490";19960809;48;16.9;17.8;18.7;20.7;20.7;8;8;8;7;"7";-0.8682;89.4
"491";19960810;63.6;16.8;18.9;20.8;21.4;19.5;8;7;7;6;"7";-3.8302;48
"492";19960811;63;14.5;17.8;19.8;21.1;18.6;6;7;6;6;"3";-4.5963;63.6
"493";19960812;77;13.2;18;20.2;22.6;20.7;1;5;6;4;"1";-0.8682;63
"494";19960813;106.8;14.8;16.9;22.3;24.2;22.3;8;7;4;3;"1";-1.0261;77
"495";19960814;106.6;12.4;19.3;23.6;25.2;23;0;0;4;1;"0";1.3681;106.8
"496";19960815;106.4;13.5;14.5;20.5;25.4;25.2;9;8;4;1;"1";1.7321;106.6
"497";19960816;118.6;13.2;21.8;27.2;28.7;28.4;0;0;2;3;"1";0.866;106.4
"498";19960817;134.2;13.5;22.3;29.5;30.6;29.3;0;1;2;1;"0";0.5209;118.6
"499";19960818;143;17;25.2;29.6;31.1;29.7;0;0;0;0;"0";2;134.2
"500";19960819;131.2;16.1;25;31.6;31.4;24.2;1;0;2;6;"7";2.5981;143
"501";19960820;93.6;17.5;18.9;22.2;24.8;20.5;7;7;7;7;"4";0;131.2
"502";19960821;64.8;13.9;16.4;21.7;24;20.9;7;6;6;5;"4";-2;93.6
"503";19960822;71.8;11.6;19.3;23.1;23.3;20.4;1;1;6;6;"7";-3.5;64.8
"504";19960823;60;18.1;17.9;21.4;22.1;19.5;7;3;5;4;"6";-6.0622;71.8
"505";19960824;67.2;14;17.6;21.7;20.3;17.4;7;7;7;6;"6";-6.8937;60
"506";19960825;79.2;13.4;17.7;20.2;22;19.9;2;4;4;5;"5";-3.9392;67.2
"507";19960826;61.2;10.1;16.9;20.3;20.8;17.4;1;2;4;6;"7";-2.5981;79.2
"508";19960827;60.4;11.2;15.8;18.3;18.8;16.7;3;5;6;6;"4";3.8567;61.2
"509";19960828;87.4;11.6;15.1;17.9;20;17.7;5;7;7;3;"1";-2;60.4
"510";19960829;75;12.6;16.1;18.9;19.2;17.3;4;7;7;6;"6";-2.0521;87.4
"511";19960830;64.8;11.7;15.9;18.3;18.6;17.7;5;7;6;7;"7";0;75
"512";19960831;74.4;11;17.2;20.5;19.3;16.2;3;4;5;5;"7";0;64.8
"513";19960901;87.8;8.4;15.5;19.7;21.7;19.4;7;5;5;5;"1";2.5981;74.4
"514";19960902;96;8.5;16.4;21.1;22.6;19.1;5;1;2;3;"1";2.5712;87.8
"515";19960903;102.8;8.7;17.2;20.7;22.2;21.5;3;2;4;1;"0";3.8302;96
"516";19960904;112.6;12.2;18.6;24.7;27.1;24.2;0;0;0;1;"0";5.6382;102.8
"517";19960905;99.6;12.8;16.7;22.3;24.8;21.8;4;0;0;0;"0";0.5209;112.6
"518";19960906;110.2;9.6;17.7;23.8;25.1;22.5;0;0;0;0;"0";1.7321;99.6
"519";19960907;103.8;9.2;17.5;21.8;22.9;21.5;0;0;0;0;"0";4.6985;110.2
"520";19960908;96.8;8.6;16.8;19;21;18.5;1;3;6;2;"0";7.8785;103.8
"521";19960909;78.8;12.9;16.2;19.1;21.1;18.6;6;4;2;3;"1";3;96.8
"522";19960910;57.2;13.1;15.1;17.3;18.8;16.3;7;8;8;6;"7";2.5;78.8
"523";19960911;74.4;11.8;15.8;18.7;17.4;16.6;4;7;7;8;"6";4.6985;57.2
"524";19960912;67;7;15.3;17.5;17.4;16.9;6;7;7;7;"6";1.2155;74.4
"525";19960913;66.8;7.4;14.7;16.9;17.5;15.1;2;2;1;1;"1";1.0419;67
"526";19960914;78.8;5.3;14;18.4;19.4;16.7;1;1;5;1;"1";3.2139;66.8
"527";19960915;89.6;5.9;14.5;20.7;22.9;20.8;1;0;1;0;"0";3.4641;78.8
"528";19960916;94.2;9.7;16.7;20.9;23.2;20.5;1;1;0;0;"0";5.1962;89.6
"529";19960917;100;9.8;16.1;21.6;23.9;20.9;2;1;2;2;"0";6;94.2
"530";19960918;90.4;10.3;14.5;17.9;20.2;18.8;4;1;6;7;"8";5;100
"531";19960919;45.6;10.3;12;14.3;13.8;12.1;2;5;8;7;"8";3.8567;90.4
"532";19960920;36.8;11.1;11.1;12.3;15.3;15;8;8;8;6;"4";0.5;45.6
"533";19960921;89.2;8.6;11;17.8;18;15.8;5;6;4;5;"2";4.6985;36.8
"534";19960922;72.2;12.3;14.1;14;15.2;13.7;8;7;7;7;"8";0;89.2
"535";19960923;66.4;9;12.3;18;18.5;16.3;7;7;7;7;"7";-1.5321;72.2
"536";19960924;83;5.4;12.1;19.3;19.3;17.5;6;5;5;8;"7";-0.684;66.4
"537";19960925;78.6;12.2;13.9;17.5;19.3;16.6;1;6;7;5;"1";-0.5209;83
"538";19960926;44.4;10.5;14.1;17;15.1;14.2;8;6;8;8;"8";-3.2139;78.6
"539";19960927;62.8;12.9;16.6;19.6;19.1;16.3;2;7;5;3;"1";-5.6382;44.4
"540";19960928;64;11.2;12;18.8;19.2;16.4;9;8;6;7;"4";-2.5981;62.8
"541";19960929;53.4;13.6;16.9;20.1;18.4;16.7;3;7;8;8;"8";-4.5963;64
"542";19960930;60;16.3;16.8;17.4;16.4;14.3;8;8;8;8;"8";-3;53.4
"543";19970409;99.4;5.1;13.8;20.7;23.1;21.1;5;5;5;5;"4";-0.3473;81.8
"544";19970410;115.8;5.2;14.1;21.6;24.2;20.3;1;0;0;0;"0";2.5981;99.4
"545";19970411;127.4;4.3;14.2;19.8;19.5;15.3;1;0;0;0;"0";1.7101;115.8
"546";19970412;91.6;4.1;8.5;12.3;13.5;12;3;5;2;1;"0";4.6985;127.4
"547";19970413;89;3.1;9;12.9;14.8;12.8;0;1;3;1;"0";5.1962;91.6
"548";19970414;90.8;3.5;12.1;16.3;18.1;14.5;0;0;0;0;"0";5;89
"549";19970415;96.8;7.8;11.2;16.5;17.2;14;0;0;0;0;"0";5.1962;90.8
"550";19970416;84;4.1;9.5;13.1;16.3;15.1;0;0;0;0;"0";5.1962;96.8
"551";19970417;89.8;6.2;10.7;14.2;15.7;12.9;0;1;2;2;"0";6.5778;84
"552";19970418;108.6;4.7;12.6;15.8;17.8;16.6;0;0;0;0;"0";6.8937;89.8
"553";19970419;90;5.3;10.7;12;13.1;10.6;0;1;7;7;"8";4.6985;108.6
"554";19970420;103.8;2.8;8;10.9;12.6;11.9;0;1;0;0;"0";8.4572;90
"555";19970421;97.8;1.7;9.4;11.8;13;10.3;0;0;0;0;"0";1.7101;103.8
"556";19970422;104.2;0;10;13.6;14.4;12.6;0;1;1;5;"6";0.9848;97.8
"557";19970423;96;1.7;11.1;15.2;16.4;15.2;1;2;3;4;"6";-2.5981;104.2
"558";19970424;82.6;3.8;14.6;17.9;18.9;16.5;0;1;6;5;"5";-1.7101;96
"559";19970425;62;8.8;12;12.6;13.8;14.9;8;7;8;8;"6";-2.5712;82.6
"560";19970426;65.8;10.8;11.8;16.1;16.8;14.5;7;8;6;7;"7";-6.0622;62
"561";19970427;64.4;10;11.8;15.1;17.4;15.9;7;7;7;4;"7";-3.8567;65.8
"562";19970428;61.4;13.7;15.9;17;16.5;15.5;7;8;8;8;"5";-6.9282;64.4
"563";19970429;70;11.2;13.7;15.8;16.7;14.8;7;7;7;6;"2";-3.5;61.4
"564";19970430;86.4;7.2;13.8;19.5;20.3;18.3;9;1;3;2;"3";3;70
"565";19970603;72.6;10.2;15.9;19.2;20.7;19.5;1;4;3;4;"1";-1.9284;76.2
"566";19970604;79.2;10.9;20.3;22.6;24.9;24.4;2;7;7;5;"5";2.2981;72.6
"567";19970605;80;17.7;20.2;21;18.5;18;6;7;7;6;"7";3.2139;79.2
"568";19970606;73.4;16.6;20.6;24.7;27.8;25.8;7;8;6;4;"7";0;80
"569";19970607;55.4;17;18.8;20.1;22.8;21.9;8;7;7;6;"2";-6.9282;73.4
"570";19970608;58.2;15.6;13.4;18.4;21.4;19.9;2;7;6;3;"2";-4.924;55.4
"571";19970609;70.2;12.8;15.9;21.2;23;23.1;9;6;7;6;"6";2.5981;58.2
"572";19970610;81.6;18.5;20.3;19.9;23.1;23.5;7;8;8;7;"8";4.3301;70.2
"573";19970611;73;16.2;19;17.6;21.7;19.3;8;7;8;6;"6";-1.9284;81.6
"574";19970612;96;15.9;17.5;20.8;21;19.6;8;7;7;6;"6";-4.924;73
"575";19970613;97.8;15.9;18.3;17.6;16.9;17.6;7;7;8;8;"8";-3.4641;96
"576";19970614;67.6;13.8;16.4;19.1;17.8;17.2;7;7;7;7;"6";-4;97.8
"577";19970615;59.8;13;17.4;19.8;20.9;19.1;6;6;7;5;"7";-0.3473;67.6
"578";19970616;63.8;14.1;18.8;20.2;14.1;16;6;6;7;7;"7";-1.9284;59.8
"579";19970617;68.4;13.6;16.7;19.1;19.2;20.2;7;7;7;6;"2";2.5712;63.8
"580";19970618;72.8;9.8;15.5;21.4;19.7;19.1;9;1;1;8;"6";-0.9848;68.4
"581";19970619;62.6;12.2;15.8;16.4;15.2;15.9;8;6;8;8;"7";-4.6985;72.8
"582";19970620;57.6;12.4;14.9;14.9;15.8;16.7;7;8;8;8;"7";-4.4995;62.6
"583";19970621;57.4;13;16.7;14;16.9;15;5;7;6;5;"7";-5;57.6
"584";19970622;62.2;11.4;16.3;15.6;15.2;16.8;2;5;7;7;"6";-6.9282;57.4
"585";19970623;74.4;12.7;16.5;15.3;17.2;16.1;6;8;8;7;"7";-6.1284;62.2
"586";19970624;70.2;13.2;15.5;17.7;17.9;17.6;8;8;8;7;"7";-2.2981;74.4
"587";19970625;75.4;12.4;13.7;14.6;18.2;16.2;8;8;8;7;"7";-3.0782;70.2
"588";19970702;61.8;10.8;13.7;18.5;16.2;15.8;7;7;5;7;"6";-5.6382;51.6
"589";19970703;60.6;11.7;15.1;14.1;15.8;17;5;7;7;7;"6";-3.4641;61.8
"590";19970704;76.4;11.1;15.5;17;15.7;17.4;6;5;7;7;"1";-4.6985;60.6
"591";19970705;92.4;13.2;16.8;19.6;20.9;19.7;1;3;5;3;"0";-1.3681;76.4
"592";19970706;99.2;10.8;16.2;21.2;23.2;23.1;0;1;1;1;"1";-1;92.4
"593";19970707;87.4;12.2;19;24.8;25.6;23.4;6;1;3;5;"3";1.5;99.2
"594";19970708;96.2;15.2;23.1;26;27.3;26.8;0;2;2;3;"1";4.6985;87.4
"595";19970709;89.4;17;22.7;25;26.3;25.6;0;0;1;2;"2";5.6382;96.2
"596";19970710;100.2;16.3;20.8;23.2;25.1;24.1;5;0;1;1;"1";-1.0261;89.4
"597";19970711;94.6;14.2;18.2;22.8;19.9;20.3;9;2;6;8;"5";-1.2856;100.2
"598";19970712;71.4;15.9;20.2;22.6;23.2;22.1;2;5;3;7;"7";-1.9696;94.6
"599";19970713;76.8;15.8;20.6;24;24.9;24.2;5;6;6;7;"6";-3;71.4
"600";19970714;67.8;15.3;17.5;19.8;22;19.6;2;7;6;5;"4";-1.0261;76.8
"601";19970715;65.6;13.1;19.5;23.5;23.7;24.7;1;4;7;7;"3";-2.5981;67.8
"602";19970716;67.4;16.7;17.3;20.6;20.2;17.8;7;8;5;4;"8";0.6946;65.6
"603";19970717;66.8;15.7;18.1;19.7;22;20.1;8;8;7;6;"7";-3.8302;67.4
"604";19970718;80.2;14.6;16.8;20.3;20.9;20.1;4;7;5;4;"0";-0.8682;66.8
"605";19970719;99.2;12.9;19.6;22.8;24.3;23.1;1;5;4;3;"2";1.9284;80.2
"606";19970720;99;12.1;20.7;23.9;25.3;24.4;2;3;6;6;"5";3.7588;99.2
"607";19970721;98.6;13.9;21.2;24.2;26.2;25.1;3;3;3;3;"5";3.7588;99
"608";19970722;109.2;13.4;23.2;26.3;27.3;25.7;1;2;4;3;"2";4.6985;98.6
"609";19970723;135.6;14.2;22.2;26.7;27.6;24.5;1;4;5;3;"1";0.5209;109.2
"610";19970724;124.8;13.2;20;24.5;21.8;20.3;7;7;7;8;"7";-4.6985;135.6
"611";19970725;40.2;15.1;15.1;21.1;22.9;21.8;8;8;8;7;"7";-4.3301;124.8
"612";19970726;39.4;16.5;19.5;23;24.7;23.3;7;7;7;7;"8";-3.4641;40.2
"613";19970727;74.8;18.2;18.9;23;24.5;22.9;7;7;5;3;"1";-1.9284;39.4
"614";19970728;90.2;13;20.2;24.7;27.2;24;1;2;3;5;"6";-0.684;74.8
"615";19970729;112;14.5;22.8;28.4;30;27.8;5;4;2;6;"5";1.0261;90.2
"616";19970730;77.2;15.3;19.6;21.8;23.6;20;6;8;6;3;"6";0.6946;112
"617";19970731;67;12.2;17.7;20.8;23.2;19.9;6;7;7;6;"7";-2.5712;77.2
"618";19970801;74.6;13.2;18.3;21.5;25.3;23.6;7;7;2;1;"2";-2.2981;67
"619";19970802;37.4;18.2;19.3;21.7;24;24;8;8;7;8;"7";1;74.6
"620";19970803;88.8;18.3;21.7;27.6;30.1;29.4;7;7;5;6;"2";1.8794;37.4
"621";19970804;71.2;17.4;22.1;23.2;24.7;23.6;3;2;7;7;"6";-1.0261;88.8
"622";19970805;49.8;18.4;19.6;23.1;21.3;22.9;8;7;7;7;"7";-1.9696;71.2
"623";19970806;87.4;16.7;20.2;24.8;26.6;26.2;6;2;3;3;"4";-1.9696;49.8
"624";19970807;82.6;19.6;23.6;24.1;26.4;24.8;5;7;8;4;"6";0.684;87.4
"625";19970808;114.6;16.6;19.7;26.8;29.9;27.1;9;2;1;3;"0";0.684;82.6
"626";19970809;121.8;17.3;24.4;29.1;31.2;29.3;1;2;5;6;"4";1.8794;114.6
"627";19970810;142.8;17.5;25.1;31.4;22.7;22.5;4;6;7;7;"7";4.6985;121.8
"628";19970811;95.4;19.5;20;21.8;24.3;25.8;8;8;8;6;"2";-3.0642;142.8
"629";19970812;131.8;16.5;19;25.8;29.2;28.7;9;3;3;4;"2";-0.5;95.4
"630";19970813;84;17.4;22.4;25.2;27.5;24.1;3;4;3;1;"1";-2.8191;131.8
"631";19970814;102.6;15.7;21.4;26.5;27.9;25;2;5;1;2;"7";-0.9397;84
"632";19970815;134.4;18;23;28.5;29.8;28.1;6;3;7;2;"3";3.9392;102.6
"633";19970816;119.4;18.8;24.4;28.7;30.1;20.2;1;4;5;6;"5";0;134.4
"634";19970817;87.6;17.5;18.3;21;22.8;23.3;8;8;8;7;"1";-0.866;119.4
"635";19970818;108;17.1;20.2;25.1;26.7;26;5;3;3;5;"5";1.2856;87.6
"636";19970819;114;18.4;22.2;27;29;21.8;7;7;7;3;"7";-0.342;108
"637";19970820;113.8;19.4;25.3;29.4;31.4;30.2;6;3;2;4;"2";0.866;114
"638";19970821;83;17.1;20.9;24.6;27.9;27.2;3;4;3;2;"4";-1.5321;113.8
"639";19970822;122;16;21.5;26.2;29.1;27.2;3;3;2;3;"1";-1;83
"640";19970823;89.8;19;20.7;24;28.4;27.9;9;7;5;1;"1";-2;122
"641";19970824;92.8;18.5;19.7;26.1;27.2;26.2;8;7;7;7;"5";-0.766;89.8
"642";19970825;61.6;18.6;19.6;19.4;20.7;20.1;8;8;7;7;"5";-0.5209;92.8
"643";19970826;74.6;12.1;16.7;20.9;22;21.4;7;7;6;7;"5";0.1736;61.6
"644";19970827;55.8;16.9;17.7;17.5;22.4;20.9;8;7;7;5;"3";-1.9284;74.6
"645";19970828;59.6;13.3;17.3;16.8;19;17.6;3;4;7;5;"6";-7.5175;55.8
"646";19970829;56.4;13.9;18.1;20.9;20;17.4;4;6;6;7;"7";-6.8937;59.6
"647";19970830;44.8;18.8;19.6;20.3;21.8;20.6;8;8;8;6;"7";-4.924;56.4
"648";19970831;70.6;17.7;21.3;23.5;23.8;19.9;5;5;4;4;"3";-6.0622;44.8
"649";19970901;62.2;12.5;15.2;19.6;20.9;19.4;6;7;7;4;"2";-0.342;70.6
"650";19970902;62.6;10.5;16.8;21.5;22.6;20.6;0;1;3;4;"1";-3.7588;62.2
"651";19970903;65.8;12.1;18.3;22.6;23.6;20.4;2;6;6;6;"7";-2.5;62.6
"652";19970904;52;17.9;17;17.1;18.3;18.5;8;8;8;7;"6";-0.8682;65.8
"653";19970905;57;12.4;16;18.6;17.9;17.8;7;7;7;7;"4";0;52
"654";19970906;69;9.4;16.6;19.4;20.6;18.2;1;3;4;4;"1";-2;57
"655";19970907;61;10;16.3;19.2;20.4;18.2;7;7;7;7;"1";-0.342;69
"656";19970908;61;11.5;15;19;20.6;18.5;7;7;8;1;"1";0.5209;61
"657";19970909;60.2;10.1;14;17.7;20.7;18.2;7;8;8;2;"4";2.5712;61
"658";19970910;83.8;10;16.3;21.4;23.7;21;1;1;1;0;"0";4.924;60.2
"659";19970911;90.4;10.4;16.7;22.2;23.9;20.2;4;4;4;3;"6";-4;83.8
"660";19970912;60.8;14.6;16.4;18;18.3;17;7;7;7;7;"7";-3.2139;90.4
"661";19970913;62.6;8.5;14.4;16.8;17.7;15.1;1;2;4;4;"1";0;60.8
"662";19970914;74;7.6;12.6;17.9;19.7;17.4;7;6;6;1;"0";1.9696;62.6
"663";19970915;82;6.5;14.9;20.3;21.4;18.8;1;4;4;6;"7";2.8191;74
"664";19970916;98.4;6.4;15.5;23.1;24.4;21.5;2;5;6;7;"5";0;82
"665";19970917;115.4;8.1;15;24.8;27.4;25.5;5;1;1;1;"1";0.684;98.4
"666";19970918;111.4;12.9;21.3;28.2;29.7;26.9;1;1;1;1;"1";-2;115.4
"667";19970919;129;13.1;22.2;28.9;30;26.3;1;1;1;1;"3";2.2981;111.4
"668";19970920;118.6;16.9;21.3;25.4;26.2;22.5;2;1;1;1;"1";6;129
"669";19970921;106.6;12.6;17.2;23.1;24.9;21.6;6;5;1;3;"5";2.5981;118.6
"670";19970922;111.6;14.6;15.7;22.5;25;21.6;7;7;6;1;"3";1.2856;106.6
"671";19970923;128.2;11.4;18.4;23.6;25;21.9;2;2;1;1;"1";3.7588;111.6
"672";19970924;121.6;9;17.7;24.6;25.8;22;1;1;1;3;"5";4.924;128.2
"673";19970925;118.6;9.6;17.4;23.5;27;23;1;1;0;1;"1";2.8191;121.6
"674";19970926;122.4;9.5;15.9;23.4;25.4;20.9;0;0;0;2;"2";1.5321;118.6
"675";19970927;139.8;8.1;11.6;22.3;24.3;20.3;2;4;6;6;"3";-0.684;122.4
"676";19970928;132;13.9;14.1;19.3;23.5;20.5;9;7;0;1;"2";0.684;139.8
"677";19970929;140.8;9.6;13.2;25.9;27.4;23.4;3;6;4;1;"5";0.9397;132
"678";19970930;121.8;10.9;13.8;24.3;26.5;22.2;9;3;0;0;"1";0;140.8
"679";19980404;86.4;10.2;11.3;13.8;12.1;10.1;7;6;5;6;"7";-7.7942;90
"680";19980405;85.2;7;10;13.4;13.6;9.6;3;8;6;5;"6";-8.4265;86.4
"681";19980406;89;6.9;9.9;13;13.5;11.7;5;6;6;6;"5";-4.3301;85.2
"682";19980407;89.4;6;10.2;14.2;8.9;9.5;6;5;5;7;"7";-5;89
"683";19980408;89.4;4;9.2;12.5;12.7;9.6;3;2;4;6;"7";-2.5981;89.4
"684";19980409;89.8;4.6;6.8;7.5;11.9;8.1;3;6;6;6;"5";-1.2856;89.4
"685";19980410;59.8;4.8;5.1;5.7;6.5;6.5;8;8;8;8;"7";-0.5209;89.8
"686";19980411;72.4;5.2;5.9;8.1;6.8;6.3;8;8;7;7;"7";-2.3941;59.8
"687";19980412;85;2.4;5.2;6.6;5.7;6;8;4;6;6;"5";0.8682;72.4
"688";19980415;86.4;3.9;5;8.1;8.9;6.8;7;6;5;3;"6";-5.3623;74.4
"689";19980416;80.2;4.3;6.5;8.3;11.1;9.9;8;8;8;6;"7";2.7362;86.4
"690";19980417;75.8;4.1;6.1;7.8;8.3;8.4;8;8;8;7;"6";-5;80.2
"691";19980418;91.2;3.9;7.5;9.6;9.1;8.7;3;7;7;7;"8";-1.0261;75.8
"692";19980419;90.8;5.7;8.5;10.7;13.1;12.7;8;8;8;7;"8";0;91.2
"693";19980420;94.2;7.8;11.7;13.2;13.4;12.6;7;7;7;7;"7";-3.9392;90.8
"694";19980421;80.4;7.9;13.3;16.7;17.2;16.9;5;5;4;7;"7";-0.8682;94.2
"695";19980422;68.2;8.7;13.7;19;19.3;16.6;6;7;5;6;"8";0;80.4
"696";19980423;71;9.9;12.6;12;15;14.1;3;8;8;6;"1";-3.0782;68.2
"697";19980424;86.2;9.7;13.3;14.2;15.1;14;8;8;8;8;"3";-4.5963;71
"698";19980425;94.8;12.4;13.3;12.9;12.4;11;8;8;8;8;"7";-3;86.2
"699";19980426;86.8;9;12.1;11.9;13.5;13.1;8;7;7;6;"6";-2;94.8
"700";19980427;85.6;5.3;11.1;13.6;11.7;11.4;2;6;6;7;"7";-1.7321;86.8
"701";19980428;84.6;5.6;12.1;14.5;14.7;13.2;1;5;6;6;"7";-1.7101;85.6
"702";19980502;79.4;9.2;9.8;12.7;11.6;10.5;8;8;7;8;"8";2;79.6
"703";19980503;84;7.1;10.8;11;11.8;10.6;3;6;8;7;"6";3.5;79.4
"704";19980504;106.6;7.3;10.2;13;14.3;12.8;1;1;3;3;"2";3.5;84
"705";19980505;96;8.3;13.1;15.6;17.8;16.1;7;4;2;3;"7";-3.2139;106.6
"706";19980506;74.2;10.9;13.1;14.3;14.2;13.8;8;8;7;7;"8";-5.6382;96
"707";19980507;105;11.6;13.7;17.6;19.6;19.1;7;6;4;2;"0";-2.5;74.2
"708";19980508;115.4;12;17.9;23.8;24.3;23.1;6;5;5;7;"4";2.5712;105
"709";19980509;106.4;13.3;15.2;19.8;21.3;17.3;6;6;5;7;"1";-1.5321;115.4
"710";19980510;109.8;11.6;19.6;24.2;26.5;24.7;6;3;5;6;"7";2.5981;106.4
"711";19980511;121.8;16.4;22.6;26;28;24.5;6;3;2;1;"6";0.6946;109.8
"712";19980512;115.4;15.3;21;25.1;26.2;22.3;3;3;2;6;"5";-1.7321;121.8
"713";19980513;108.8;13.2;18.6;24.9;22.3;21.7;3;4;6;7;"4";-0.766;115.4
"714";19980514;120;12.7;15.4;21.3;24;22.6;9;6;0;0;"2";2;108.8
"715";19980515;133.8;15.1;19.1;25.5;25.9;22.5;1;3;0;1;"1";-0.5209;120
"716";19980516;144.4;11.2;18.6;24.4;25.5;24;2;0;0;1;"0";2.5712;133.8
"717";19980517;142.8;11.3;17.2;23.7;24.1;21.1;0;1;1;2;"3";3.9392;144.4
"718";19980518;116.2;12;21.4;24.9;25.8;24.5;0;1;2;2;"2";5;142.8
"719";19980519;136.6;11.9;22.3;25.3;25.1;23.2;0;0;3;3;"2";6;116.2
"720";19980520;145.8;11.6;18.9;23;23.4;22.9;0;1;5;5;"5";2.5;136.6
"721";19980521;117.6;12;19.5;23.5;22.8;20;1;1;1;2;"6";1.2155;145.8
"722";19980522;96.8;11.5;14.8;17.2;18.5;16.9;3;3;3;4;"4";3.8567;117.6
"723";19980523;107;10.1;15.4;18.2;18.9;17.2;4;2;5;5;"4";3.8567;96.8
"724";19980524;92.8;12.4;16;17;18.2;17.3;7;4;7;5;"1";0;107
"725";19980525;80.8;9.5;13.3;17.5;18.1;17.1;8;8;6;7;"7";-1.8794;92.8
"726";19980526;81.4;11.4;14.4;18.4;16.8;14;5;8;7;7;"7";-4;80.8
"727";19980527;80;10.7;15;15.9;14.6;14.2;3;5;6;7;"7";-1.5321;81.4
"728";19980528;86.8;10.1;14;18;17;13.2;4;6;6;5;"7";-0.9397;80
"729";19980529;92.2;8.6;14.9;14.1;18.3;14.9;3;6;7;7;"7";-4;86.8
"730";19980530;85;13.8;17.1;17;17.2;15;7;7;8;7;"7";1.0261;92.2
"731";19980531;87.2;10.7;16.3;18;17;16.9;2;6;6;6;"3";-2.0521;85
"732";19980601;60.4;11.1;12.5;14.8;16.6;19.8;8;8;7;7;"7";4.3301;87.2
"733";19980602;88.6;14.7;16.5;18.7;19.6;17.2;7;6;5;3;"6";-4.3301;60.4
"734";19980603;95.4;14.3;16.6;18.7;19.2;18.7;2;6;5;6;"5";-6.9282;88.6
"735";19980604;101.4;11.3;17.8;21.2;22.8;21.7;5;4;6;7;"7";1.8794;95.4
"736";19980605;79.6;15.7;17.6;20.8;21.1;22.7;8;8;8;8;"2";1.8794;101.4
"737";19980606;99;15.9;18.2;20.8;22.8;19.2;7;6;6;5;"8";-4.3301;79.6
"738";19980607;84.6;12.9;17.1;18.8;19.5;18.1;6;7;6;5;"7";-6.5778;99
"739";19980608;79.8;14.2;18.2;18.8;18.3;15.7;6;6;8;8;"8";-4.4995;84.6
"740";19980609;63;16.4;17.4;20.4;16.6;16.1;8;8;7;8;"8";-6.1284;79.8
"741";19980610;69.2;13.4;17;18.4;17.9;16.2;1;4;5;6;"6";-6.1284;63
"742";19980611;66.2;10.8;12.9;11.9;11.9;10.4;6;5;6;7;"8";-5;69.2
"743";19980612;67.4;9.4;13.6;15.2;15.6;13.2;1;7;7;7;"8";-6.0622;66.2
"744";19980613;67.4;11.5;12.9;14.9;19.1;16.8;8;8;8;7;"7";-2.7362;67.4
"745";19980614;70.2;12.3;15.2;17.3;16.4;14.9;7;7;7;7;"7";-4.924;67.4
"746";19980615;85.8;12.6;14;15;17;16.6;8;8;7;3;"2";-5.3623;70.2
"747";19980616;84.6;9.4;14.8;18.3;19.1;18.2;2;3;4;5;"2";-3;85.8
"748";19980617;104;9.8;15.7;19.6;21.2;20.6;7;6;6;6;"3";-3;84.6
"749";19980618;91.4;13.3;17.3;21.2;23.8;23.7;7;5;4;2;"5";-2.8191;104
"750";19980619;115.2;14.8;22.9;27.3;29.7;29.5;5;5;5;6;"6";2;91.4
"751";19980620;151.2;18.8;26;32.7;35.1;31.2;7;5;5;5;"4";2.0521;115.2
"752";19980621;106.8;16.9;17.6;20.3;21.3;20.7;8;8;7;6;"7";-0.6428;151.2
"753";19980622;85.6;13.8;17.6;20.8;22.1;19.2;5;5;6;6;"5";-2.8191;106.8
"754";19980623;92.6;12.4;18.4;21.8;24.1;22.8;4;5;5;5;"6";-1.9696;85.6
"755";19980624;88.4;14.2;19.2;23.2;23.9;20.7;1;1;4;4;"7";-2;92.6
"756";19980625;72.6;13.9;17.4;20.3;20.7;19.9;2;4;6;6;"6";-3.9392;88.4
"757";19980626;69.2;13.6;19.1;19.7;20.3;18.7;5;6;7;7;"7";-4.5963;72.6
"758";19980627;65.8;16;17.5;16.1;19.2;19.5;7;8;8;6;"2";-3.0642;69.2
"759";19980628;68.4;12.1;17.2;18.7;20.5;19.2;1;5;6;6;"7";-3.9392;65.8
"760";19980629;58.4;12.2;15.5;17.3;18.3;17.7;7;7;8;8;"8";-3.0642;68.4
"761";19980630;40.2;14.5;16.6;19.6;21.1;18.9;8;8;8;7;"7";-3.4641;58.4
"762";19980701;83.8;15;18.9;19.8;20.3;20.4;8;8;8;8;"7";4.924;40.2
"763";19980702;66.8;14.8;14;16;16.3;16;8;8;8;8;"8";4.6985;83.8
"764";19980703;89.4;14.5;15.9;17.8;18.4;17.8;7;6;7;6;"5";2.0521;66.8
"765";19980704;81.6;12.4;16.1;18.6;20.2;18.2;8;7;8;4;"5";-1.5;89.4
"766";19980705;58.6;10.7;13.9;17.1;18.4;18.6;6;8;8;8;"7";-2.8191;81.6
"767";19980706;42.8;14.1;15.6;16.9;18;17.3;8;7;7;7;"8";-1.9696;58.6
"768";19980707;79;14.6;15.4;17.7;20;19.6;8;8;8;6;"1";1;42.8
"769";19980708;73.6;12.5;16.1;18.9;19.8;18.9;2;6;5;5;"4";-0.8682;79
"770";19980709;56.4;13.2;17.3;18.9;19.3;18.4;8;6;8;8;"8";-4;73.6
"771";19980710;65.8;15.8;17.1;19.1;19.7;19.5;7;7;7;7;"8";-3.9392;56.4
"772";19980711;79;15.7;17.9;21.3;21.4;18.1;7;6;6;7;"8";-4.3301;65.8
"773";19980712;37;16.4;19.1;21.3;20;19.2;8;7;7;7;"7";-7.7942;79
"774";19980713;65.4;14;16.3;18.9;19.9;19;8;4;4;4;"1";-3;37
"775";19980714;67.2;11.2;17;19.1;20.5;18.5;0;4;5;5;"2";-1.7101;65.4
"776";19980715;57;12.7;16.9;17.4;18.2;17.3;6;7;8;8;"7";-2.9544;67.2
"777";19980716;50.4;16.1;18.7;19.7;19.3;20.5;8;7;7;7;"7";-4.924;57
"778";19980717;78;15.6;18.4;21.1;21.9;21;8;7;5;4;"4";-6;50.4
"779";19980718;64;12.7;17.9;19.6;20.8;21.1;4;7;7;7;"6";-2.8191;78
"780";19980719;91.6;13.9;21.7;26.1;26.3;24.2;3;5;6;5;"6";-2.5712;64
"781";19980720;72.8;14.5;18.6;24.5;25.7;22.2;3;5;2;7;"8";-1.7321;91.6
"782";19980721;76.4;14.3;18.6;20.3;21.7;20.5;1;5;5;4;"1";-5.1423;72.8
"783";19980722;76.2;13.3;19.8;21.6;21.7;17.9;4;6;8;8;"8";-3;76.4
"784";19980723;55.2;15.7;16.8;17.7;18;16.3;8;8;8;8;"8";-1;76.2
"785";19980724;79.2;11.4;17.5;21.1;21.9;20.8;2;5;3;4;"2";2.5712;55.2
"786";19980725;110;10.7;19.3;22.8;23.5;21.7;1;4;6;5;"4";2.9544;79.2
"787";19980726;121.6;12.2;17;20;23.5;24.3;7;8;8;3;"1";-0.866;110
"788";19980727;69.4;14.8;18.3;19.1;20.7;20.3;7;6;8;7;"2";-1.7101;121.6
"789";19980728;49;15;15.7;17.1;20.6;19.4;7;8;8;7;"7";-4.4995;69.4
"790";19980729;59;15.1;18.3;18.4;19.1;20.4;8;7;8;8;"7";-6.9282;49
"791";19980730;56.2;13.4;17.7;20.2;21.5;20.1;1;5;7;7;"5";-5.6382;59
"792";19980731;57.2;12.1;17.4;20;19.7;18.8;2;5;6;7;"7";-1.2856;56.2
"793";19980801;68.8;11.6;16.2;19.3;18;18.6;9;4;6;6;"6";2;57.2
"794";19980802;80.2;11.6;17.9;21.5;22.7;21;1;1;3;4;"1";1.9284;68.8
"795";19980803;88.2;10.5;17.7;22.6;22.4;21.3;7;5;7;6;"6";-3.7588;80.2
"796";19980810;144.8;16.3;25.9;33.2;34.8;32.8;0;1;2;2;"2";-3.7588;155.6
"797";19980811;76.2;16.1;19;26.7;29.3;26.2;7;6;6;3;"4";-0.684;144.8
"798";19980812;79.4;15.1;20.5;23.7;23.2;20.1;7;6;7;6;"3";-3.2139;76.2
"799";19980813;121.6;12.1;17.9;21.3;22.4;20.5;2;2;4;5;"6";0;79.4
"800";19980814;78.4;11.6;18.9;23.8;26.3;26;2;3;5;5;"5";-0.866;121.6
"801";19980815;100;12.4;19.5;23.8;23.1;20.6;6;5;6;6;"3";0.6946;78.4
"802";19980816;75.2;11.7;19.4;23.1;24.5;21.1;2;2;3;2;"2";-0.8682;100
"803";19980817;71.4;10.8;16.5;22.4;22.7;20.5;7;6;5;7;"6";-2;75.2
"804";19980818;98.6;14.2;16.7;18.5;22.2;20.6;8;8;7;6;"4";0.3473;71.4
"805";19980819;79.4;11.5;18.8;22.6;23.8;22;0;1;3;3;"1";0;98.6
"806";19980820;55.8;11.6;18;20.5;21.5;20.5;0;2;7;7;"7";-2.5712;79.4
"807";19980821;45.6;17.7;20.8;21.7;22.8;20.9;8;8;7;7;"7";-4.4995;55.8
"808";19980822;68;17;18.2;21.5;22.9;18.8;8;8;8;8;"8";-4.6985;45.6
"809";19980823;69.2;11.6;17.6;21.1;21.8;20.8;3;3;4;7;"7";-3.4641;68
"810";19980824;94.6;16.2;18.8;21.3;21.8;19.2;6;5;4;3;"2";-3.5;69.2
"811";19980827;97.2;13.4;17.1;19.5;20.1;17.6;1;2;2;3;"1";4.5963;84.6
"812";19980828;101.6;7;15.9;19.3;21.1;18.6;2;2;5;4;"1";0.8682;97.2
"813";19980829;102.6;8.7;16.5;20.9;22.5;21.1;1;2;5;5;"2";2.9544;101.6
"814";19980830;115.8;11.4;18.4;23;24.8;23.9;6;5;2;2;"3";3.7588;102.6
"815";19980905;74.2;15.5;18.6;17.8;21.6;19.4;4;6;6;6;"3";-3.8302;55.6
"816";19980906;78.4;16.1;18.1;22.6;21.6;18.7;8;7;7;7;"8";-1.3892;74.2
"817";19980907;78.6;16.3;19.7;23.2;22.8;19.5;6;4;5;4;"7";-5.1962;78.4
"818";19980908;75.6;16.6;18.5;23.1;24.3;20.6;8;8;4;2;"6";-8.8633;78.6
"819";19980909;67.8;18.3;20.2;23;21.8;19.6;7;6;5;6;"5";-7.7942;75.6
"820";19980910;70;16.4;17.3;17.3;19.9;18;2;6;6;5;"6";-5.6382;67.8
"821";19980911;68;13.3;13.1;14.3;14.1;12.8;8;8;8;7;"5";-2.2981;70
"822";19980912;80.2;9.9;12.7;13.3;14.5;13.5;7;7;8;5;"1";-4.3301;68
"823";19980913;87.8;10.6;12.1;14.8;15.3;13.8;6;6;6;4;"4";-1.5628;80.2
"824";19980914;64.6;10.2;13.3;13.9;16.2;14.3;6;6;6;6;"5";-6.1284;87.8
"825";19980915;63.6;11.9;15;18.4;20.8;18.4;8;8;8;5;"6";-4.6985;64.6
"826";19980916;74.6;13.6;16.3;18.2;19.1;16;7;6;7;7;"6";-3;63.6
"827";19980917;70.2;12.3;16;19.2;20.7;18.6;6;4;6;6;"3";-2.5712;74.6
"828";19980918;92.2;9.2;15.5;22.2;23.7;21.2;0;2;3;4;"4";1.2856;70.2
"829";19980919;91.6;11.4;17.6;22.3;23.6;20.7;1;3;2;1;"1";5.9088;92.2
"830";19980920;85.6;12.4;19.3;23.2;24;21.1;1;1;0;2;"2";5;91.6
"831";19980921;98.8;12.6;17.3;22;23.4;20.3;0;0;2;2;"1";6;85.6
"832";19980922;94.6;11.6;16.7;21.2;21.9;18.7;1;0;1;1;"0";5;98.8
"833";19980923;116.2;10.9;16;22.6;23.7;21.1;1;4;3;4;"7";3.9392;94.6
"834";19980924;86.6;13.1;16.8;19.6;20.8;18.9;3;6;6;5;"7";0;116.2
"835";19980925;57.8;14.3;15.1;15.9;17.8;17.2;8;8;8;8;"5";1.9284;86.6
"836";19980926;76.2;16.2;17;20.1;18.4;17.5;8;7;6;6;"5";-0.8682;57.8
"837";19980927;72;13.6;15.1;18.6;18.5;17;8;8;7;7;"7";-2.5712;76.2
"838";19980928;65.8;15;16.4;17.7;18.9;15.5;8;8;7;4;"6";-4.3301;72
"839";19980929;69.8;12.7;12.8;15.4;16.7;15.5;8;8;8;7;"8";1.5;65.8
"840";19980930;78.8;13.6;16.3;15.1;13.8;14.3;3;6;6;8;"6";-4.5;69.8
"841";19990401;90.4;9.2;14.5;17.3;17.7;15.6;3;4;7;7;"7";0;104.2
"842";19990402;87.2;7.4;11.6;14.5;12.7;12.7;7;8;7;8;"8";-5.3623;90.4
"843";19990403;96;12.8;14.9;17.2;18.8;17.1;8;8;6;2;"4";-4.924;87.2
"844";19990404;69.4;11.3;12.9;16.4;15.4;15.1;8;8;7;8;"8";-1.9284;96
"845";19990405;82.6;10.3;12.8;18.2;20.8;18;7;4;6;1;"4";-3.8302;69.4
"846";19990406;83.2;10.9;12.5;15.3;18.3;15.3;8;8;7;6;"7";-3.9392;82.6
"847";19990407;91.6;9.6;10.9;13.4;13.6;11.8;7;6;5;4;"7";-2.7362;83.2
"848";19990408;92.2;4.6;11.3;14.6;16.1;14.3;3;4;6;5;"4";-2;91.6
"849";19990409;41.6;10;11.3;13.5;13.8;13.2;8;8;8;8;"8";-0.9848;92.2
"850";19990410;88.8;9.9;9.5;10.9;10.2;11.1;8;8;8;8;"5";-3;41.6
"851";19990411;98.8;5.5;10.4;12.2;13.5;11.6;7;6;6;3;"5";-0.8682;88.8
"852";19990412;87.8;10.9;11.8;13.7;11;9.1;7;5;6;4;"5";-9;98.8
"853";19990413;87;8.1;9.9;9.7;10.4;9.7;2;4;7;6;"6";-6.8944;87.8
"854";19990414;80.4;5.8;5.1;6.1;7.3;4.4;8;8;8;7;"6";-4.6985;87
"855";19990415;86;1.8;6.1;8.5;9;7.7;8;7;5;5;"4";-4.5;80.4
"856";19990416;88.6;2.5;8.1;8.9;9.4;5.8;7;6;7;7;"8";0;86
"857";19990417;98.6;3.7;8.3;12.8;11.2;9.2;5;5;4;4;"3";0.8682;88.6
"858";19990418;93.2;3.8;6.4;9.8;11.5;9.9;5;6;6;6;"3";-4.6985;98.6
"859";19990419;83.2;4.6;6.2;8.1;7.9;8.4;7;8;8;8;"8";2;93.2
"860";19990420;95.4;11.8;11.9;12.7;12.8;12.8;8;8;8;8;"8";-1.5628;83.2
"861";19990421;100.6;11.6;11.8;13.8;14.4;12.3;7;8;6;8;"8";-6.1284;95.4
"862";19990422;100.2;8.7;13.5;14.4;15;12.8;2;4;5;4;"5";-6.5778;100.6
"863";19990423;89.6;10.1;11.8;10.1;10.4;11.5;7;7;8;7;"6";-10.3923;100.2
"864";19990424;98.4;5.5;11.4;15.1;16;14.2;1;4;4;5;"4";-3.9392;89.6
"865";19990425;67;9;11.6;11.9;11.8;11.1;7;8;8;8;"8";1.3681;98.4
"866";19990426;95;9.9;12.9;15.8;17.5;14.6;6;6;6;5;"7";1.5321;67
"867";19990427;101;11;16.2;18.9;19.8;15.8;4;7;7;7;"8";5.6382;95
"868";19990428;100.8;11.2;15.1;18.7;19.4;17.1;0;2;4;4;"7";8.6603;101
"869";19990429;91;13.2;14.1;18.5;19.8;15.3;8;8;5;6;"7";5.6382;100.8
"870";19990430;94;10.8;12.5;18.3;20.5;20;9;7;7;7;"7";1;91
"871";19990501;112.6;10.6;18.5;22.4;23.1;17.1;3;4;7;6;"6";2.5981;94
"872";19990502;111.6;11.4;19.6;23.2;23.9;21;2;1;1;1;"1";5;112.6
"873";19990503;111;13.1;19;24.1;24.3;22.2;5;3;2;7;"8";3.9392;111.6
"874";19990504;97.4;14.2;15.9;18.5;21.1;18.7;7;8;7;6;"3";-0.6946;111
"875";19990505;105.6;9.7;13.5;16.5;17.8;15.4;9;8;8;7;"7";-2.5712;97.4
"876";19990506;91.4;11.5;16.1;19.3;20.4;20.2;3;4;4;5;"5";-1.0261;105.6
"877";19990507;75.2;14.5;16.5;18.2;16.1;15;8;7;8;7;"5";-1.9696;91.4
"878";19990508;92.4;11.5;15.4;18.2;18.3;15.8;6;6;5;3;"7";-5.7851;75.2
"879";19990509;109.4;9.9;18.3;22.6;22.6;20.3;6;7;7;7;"7";2.7362;92.4
"880";19990510;89.6;13.4;16.7;18;17.8;16.6;6;7;7;7;"7";-4.5963;109.4
"881";19990511;83.6;13.5;13.9;14;15.8;15.9;8;8;8;8;"7";-0.8682;89.6
"882";19990512;79.6;11.5;13.6;15.3;15.6;15.6;7;8;8;7;"3";-2.5981;83.6
"883";19990513;91.2;8.5;14.1;17;16.6;15.4;7;6;7;6;"7";-4.5963;79.6
"884";19990514;85;8.8;13.7;16.3;18.2;15;3;6;5;6;"7";-1.7321;91.2
"885";19990515;91.4;10.4;14.1;17.5;19.1;17.6;7;4;4;5;"3";-0.5209;85
"886";19990516;106;10.3;14.3;18.4;17.8;16.1;2;5;5;4;"1";5;91.4
"887";19990517;93.4;9.7;13.9;15.5;16.1;12.4;7;5;8;8;"8";7.7942;106
"888";19990521;80.6;10.7;14.7;16.4;19;17.6;6;5;8;7;"6";-4;96.8
"889";19990522;96;12.2;14.4;16.9;18.4;16.8;6;6;6;7;"2";-3.4641;80.6
"890";19990523;82.4;9.4;14.6;17.6;18.1;18;2;4;8;8;"8";-2.9544;96
"891";19990524;71.4;13;14.2;16.7;16.5;16.7;8;8;7;8;"6";1;82.4
"892";19990525;89.6;13;12.8;15.9;18;17.6;8;8;6;7;"3";0.684;71.4
"893";19990526;98;9.7;17.6;22;24;23.9;0;0;1;1;"1";1.9696;89.6
"894";19990527;113.4;16.1;21.7;24.9;23.4;19.3;3;3;4;1;"8";3.4641;98
"895";19990528;93.8;14.5;19.3;22.9;24.7;24.9;0;2;2;1;"1";1;113.4
"896";19990529;124.4;17.8;23.3;25.3;25.1;23.2;1;4;5;5;"5";-0.8682;93.8
"897";19990530;90.2;14.5;17.6;21.4;23.3;22.2;8;7;3;2;"2";0;124.4
"898";19990531;93;14.8;17.8;22.3;24.4;22.8;8;6;7;8;"3";1.5;90.2
"899";19990601;95.2;16.9;20.4;25.8;26.8;26.4;7;7;7;5;"2";3.0642;93
"900";19990602;88.6;17.5;17.8;16.9;17.5;17.4;7;6;8;7;"5";-6.0622;95.2
"901";19990603;77.8;13.5;14.7;16.1;17.7;16.2;8;7;7;6;"7";-5.7851;88.6
"902";19990604;70;14.3;15.4;15.4;15.6;15.4;8;8;7;7;"8";-4.3301;77.8
"903";19990605;80.8;11.3;15.5;14.2;13.4;14.1;2;6;6;8;"4";-7.6604;70
"904";19990606;79.4;11;15.5;17.1;16.8;15.1;1;3;7;6;"6";-2.5;80.8
"905";19990607;71;12;14.4;14.2;14.8;13.3;7;7;7;6;"7";-2.2981;79.4
"906";19990608;82.4;8.5;14.1;15.8;15.5;14.9;5;5;7;8;"8";-4;71
"907";19990609;79.8;12.1;15.2;17.4;16.7;16.5;7;7;7;8;"5";-2.5712;82.4
"908";19990610;101.6;12.4;16.3;18.1;18.5;17.7;7;6;7;6;"1";-0.5209;79.8
"909";19990611;94.6;10.7;16.2;18.6;18;16.9;1;1;5;6;"6";0.6946;101.6
"910";19990612;107.6;10.2;15.8;19.7;19.7;15.7;3;3;3;7;"6";-1.7321;94.6
"911";19990613;102;10.2;15.5;18.3;19.2;17.9;1;6;4;4;"7";-0.8682;107.6
"912";19990614;122.2;11.9;17.5;20.5;21.4;19.5;1;2;4;3;"6";0.8682;102
"913";19990615;138.2;13.1;19;23.4;25.2;23.2;6;1;1;3;"1";0.3473;122.2
"914";19990616;153.2;13.8;21.6;24.7;27.5;24.4;1;0;6;2;"7";-1.7321;138.2
"915";19990617;112.4;15.6;19.9;21.8;21.4;19.4;3;3;3;5;"6";0;153.2
"916";19990618;105.4;13.4;19.2;20.3;21.6;20.6;4;7;5;4;"1";-0.1736;112.4
"917";19990619;109;12.3;17.7;21.3;22.7;19.8;7;0;3;4;"5";-2;105.4
"918";19990620;71.4;15.4;17.1;18.7;16.7;16.2;8;8;8;8;"7";-5.6382;109
"919";19990621;74.6;10.8;14.7;15.9;16.8;15.2;1;6;6;5;"3";-3.5;71.4
"920";19990622;80.2;8.7;15.5;18;18.8;17.8;1;6;7;6;"3";-0.684;74.6
"921";19990627;74.4;15.6;15.4;19.2;15.2;15.8;8;7;6;7;"7";-6.8937;103.2
"922";19990628;62.2;13.4;14.9;15.7;17.9;17.5;6;7;7;7;"7";-5.3623;74.4
"923";19990629;62.6;16.4;19.2;22.3;21.7;18.9;8;7;6;7;"7";-6.1284;62.2
"924";19990630;67.8;13.8;16.8;17.6;18.9;18.8;3;6;7;7;"7";-2.8191;62.6
"925";19990701;53.6;15.4;18.4;22.5;24.2;23.7;8;8;7;6;"2";-4.6985;67.8
"926";19990702;108.6;17.1;25;29.7;32.3;32.4;1;0;0;2;"6";3.8302;53.6
"927";19990703;67.8;17.5;19.4;20.9;21.8;21;8;7;7;7;"7";-3.2139;108.6
"928";19990704;63;16.1;18.7;19.3;20;18.6;7;7;8;8;"7";-0.6946;67.8
"929";19990705;71;16.1;19.1;19.3;21.3;20.7;8;7;6;6;"6";0.6946;63
"930";19990706;70;15.1;18.8;20.5;22.8;21.3;7;6;6;2;"1";-1.7101;71
"931";19990707;51.4;14.5;17.1;18.9;20.2;20.2;7;8;8;8;"6";-3.0642;70
"932";19990708;106.4;14.5;19.8;24.9;27.1;25.2;6;5;5;4;"2";4.3301;51.4
"933";19990711;118;17.7;18.7;25.7;27.5;26.4;7;7;4;2;"1";1.0419;132
"934";19990712;118.2;18;22.2;25.6;28.3;25.3;1;1;3;1;"1";1.7101;118
"935";19990713;127.2;17.3;21.6;26.2;24.6;21.9;2;1;4;7;"6";0;118.2
"936";19990714;79;16.5;18.7;21.7;23.4;21;7;4;3;5;"7";-4.924;127.2
"937";19990715;75.8;17.1;20;22.6;23.5;21.1;6;7;5;4;"1";-1.0261;79
"938";19990716;75.6;12.1;17.8;19.5;22.3;22.8;2;6;8;1;"1";-1.5321;75.8
"939";19990717;107.8;14.3;21.1;26;27.8;23.8;1;4;3;3;"7";-1.0261;75.6
"940";19990718;130.6;15.9;22.3;28.1;29.1;25;1;0;4;4;"6";1.5321;107.8
"941";19990719;63.6;15.6;19.6;21.7;20.4;19.8;6;7;7;7;"7";-2.3941;130.6
"942";19990720;63.2;18.3;20.3;22.1;19.7;22.2;8;5;7;8;"5";-5.3623;63.6
"943";19990721;71;16.4;18;19.3;20.1;19.5;7;7;7;7;"7";-4.6985;63.2
"944";19990722;58;13.9;16.4;16.9;17.7;16.9;2;7;7;7;"8";-0.8682;71
"945";19990723;84.2;15;18.6;21.6;23.2;22.1;7;7;4;4;"1";1;58
"946";19990724;111.4;12.9;21.6;25.7;27.7;27.8;0;0;0;0;"0";3.9392;84.2
"947";19990725;118.6;15.2;25.5;29.7;31.5;31.2;0;0;0;1;"0";6;111.4
"948";19990726;122.2;21.7;27.4;31.1;31.8;30.5;3;2;5;4;"7";8;118.6
"949";19990727;136;18.5;23.4;26.7;29.1;26.7;5;3;6;6;"7";5.1962;122.2
"950";19990728;141.4;16.2;21.5;26.8;29.5;28.6;1;1;1;3;"2";3.2139;136
"951";19990731;143.4;16.7;20.4;26.4;27.6;24.1;7;1;5;6;"6";0;159.2
"952";19990801;132.4;16.7;20.2;27.8;29.1;28.2;8;3;2;6;"5";-0.5209;143.4
"953";19990802;98;16.6;21.6;26.7;27;21.2;7;7;7;7;"7";0.684;132.4
"954";19990803;85.2;16.8;20.5;23.8;25.2;25.8;7;4;5;4;"5";1.0261;98
"955";19990804;45.6;17.9;21.4;21.3;20.9;20.6;7;8;8;8;"6";3.4641;85.2
"956";19990805;62.2;15.7;20.5;24.1;25.3;22.9;3;5;6;6;"7";-3.2139;45.6
"957";19990806;67.2;17.6;20.7;22.1;20.8;21.6;7;7;6;7;"5";2.5981;62.2
"958";19990807;82;15.4;20.5;24.5;27;25.2;8;5;5;4;"7";0;67.2
"959";19990808;92.2;16.5;17.8;17.4;20.8;20.9;7;6;6;6;"4";-4.5963;82
"960";19990809;70;15.2;16.2;20.4;20.5;19.9;5;7;7;6;"7";0;92.2
"961";19990810;74;17;16.5;19.8;21;20.3;8;8;7;7;"4";-3.8567;70
"962";19990811;79.2;14.7;18;19.7;21.1;20.7;7;7;7;7;"7";-1.2856;74
"963";19990812;83.6;15.3;19.3;21.8;22.4;21.6;7;7;6;6;"7";-1.7321;79.2
"964";19990813;66;15.3;20.3;22.5;23.2;21.8;3;5;7;6;"7";-2.2981;83.6
"965";19990814;59;17.1;17.8;22.4;23.7;20.8;8;8;6;4;"5";-5.6382;66
"966";19990815;51.2;13.1;18.1;19.7;20.2;16.7;7;7;8;8;"8";-3.8302;59
"967";19990816;58.2;14;17.8;20.1;18.6;19.3;7;7;7;6;"4";-2.9544;51.2
"968";19990817;58.8;13.8;16;17.1;20.5;17;8;7;7;8;"7";-4.3301;58.2
"969";19990818;72.6;14.5;18;21.1;20.1;19;1;5;4;6;"4";-7.7942;58.8
"970";19990819;73;13.1;18.4;20.7;21.8;18.6;1;4;4;6;"6";-5.9088;72.6
"971";19990820;76.8;11.4;16.9;20.7;21.9;21.7;1;2;5;6;"6";-1;73
"972";19990821;109.2;14.7;19.9;24.1;24.3;23.2;5;5;6;5;"6";4;76.8
"973";19990822;107.2;14.4;20.5;24.3;25.5;24.6;5;3;3;3;"4";3.7588;109.2
"974";19990823;66.4;17.1;19.9;22.8;24.6;21.4;7;7;6;7;"8";-1.8794;107.2
"975";19990824;99;16.8;22.8;27.4;29.2;28.4;1;2;3;3;"5";-0.5209;66.4
"976";19990825;100.8;18.9;20.5;23.8;25.8;26.2;8;8;8;6;"3";0;99
"977";19990826;74;17.6;20.7;23.8;24.7;21.5;6;6;4;3;"5";-2.8191;100.8
"978";19990827;75.2;14.8;18.6;22.6;23.5;21.2;7;5;3;6;"7";-0.1736;74
"979";19990828;86;14.7;20.5;23.7;24.3;22.3;5;3;2;3;"2";4;75.2
"980";19990829;128.8;12;20.2;24.8;25.6;23;1;1;5;6;"8";0;86
"981";19990830;98.6;15.6;21;24.9;24;21.5;6;4;2;3;"6";2;128.8
"982";19990831;71.8;11.8;18.9;22.1;22.3;20.1;1;2;6;3;"1";-0.6946;98.6
"983";19990901;85.4;11.2;18.5;22.2;25.4;23.6;1;4;1;1;"2";-0.6946;71.8
"984";19990902;114.2;13.3;21.8;27.5;28.5;27.1;1;1;1;1;"1";4.6985;85.4
"985";19990903;106.4;15.6;20.6;25.3;26.6;25.2;2;6;4;2;"1";4.924;114.2
"986";19990904;139.2;11.6;20.5;25.9;27.2;24.1;0;1;1;1;"2";4.3301;106.4
"987";19990905;139;14.3;18.2;27.5;26.7;23.5;5;4;4;5;"7";0.5;139.2
"988";19990906;129.8;14.3;19;24.9;26.9;23.3;2;0;3;4;"1";-1.0261;139
"989";19990907;105.4;14.6;18.8;23;23.3;21.1;6;6;5;7;"5";-3.0642;129.8
"990";19990908;85.4;15.7;18;23.7;26.1;22.7;9;5;4;2;"1";-0.8682;105.4
"991";19990909;52.4;17.1;16.9;19.5;21;20.4;7;8;7;8;"7";0;85.4
"992";19990910;114.8;13;20.6;28.6;30.2;28.3;0;0;0;5;"5";1.9284;52.4
"993";19990911;133.4;17.5;23.8;30.7;30.8;26.4;4;5;4;2;"2";-3;114.8
"994";19990912;67.2;16.4;16.7;19.4;21.1;17.2;8;8;7;7;"8";-0.3473;133.4
"995";19990913;66.2;13.3;16.4;18.9;18.4;16.7;8;6;6;8;"8";-0.6946;67.2
"996";19990914;58.8;11.6;13.7;15.3;17.1;16.3;8;7;8;7;"3";0.3473;66.2
"997";19990915;79.4;7;13.8;19.6;20.8;18.4;0;1;2;1;"1";-3;58.8
"998";19990916;69.6;12.5;17.7;18.5;21;17.8;1;7;7;6;"6";-3.8302;79.4
"999";19990917;63.2;12.3;17.2;17.6;20.4;17.9;1;1;7;5;"4";-2.5981;69.6
"1000";19990918;58.8;14.1;15.4;16.9;17.4;17.3;7;8;8;8;"7";1.3892;63.2
"1001";19990919;66.8;13.5;15.4;18.3;17.9;16.2;8;7;7;8;"8";1.3681;58.8
"1002";19990920;55.4;13.3;15.9;19;17;15.5;7;6;7;7;"8";-1.2155;66.8
"1003";19990921;45.6;12.4;16.8;15.9;18.8;19.2;5;6;8;7;"1";0;55.4
"1004";19990922;61.4;17.3;19;22.9;19.2;18.9;7;7;2;7;"1";-4;45.6
"1005";19990923;67.8;16.5;19.3;20.6;19.7;18.1;4;7;7;7;"6";-7.0707;61.4
"1006";19990924;67.2;16.7;19.5;22.2;22;17.7;5;2;3;6;"5";-4.5;67.8
"1007";19990925;73.2;15.2;18.8;18;18.8;16.3;6;6;7;7;"3";-2.7362;67.2
"1008";19990926;75.2;12.7;16.1;18.8;17.6;17;6;2;7;6;"7";-2.5;73.2
"1009";19990927;75;16.2;16.6;17;19.2;16.5;8;6;8;6;"8";-6.0622;75.2
"1010";19990928;63.4;12.1;15.8;17.6;17;17.3;1;5;8;8;"7";-3.2139;75
"1011";19990929;67.4;16.3;16.4;18.3;19.6;17.9;8;8;7;7;"6";-4.4995;63.4
"1012";19990930;65.8;12.7;15.9;17.9;18.4;15.1;1;5;6;7;"7";-5.6382;67.4
"1013";20000401;76;5.9;8.7;9.9;12.5;10.9;7;8;7;7;"7";-6.5778;40
"1014";20000402;53;6;8;10.2;13.2;11.6;7;8;8;8;"8";3.4641;76
"1015";20000403;57;8.9;9.5;15;11.2;10.6;8;8;6;8;"7";1.3681;53
"1016";20000404;61;8.2;8.1;8.1;6.7;6.3;8;7;8;8;"8";-1.3892;57
"1017";20000405;61;3.2;4.5;5.8;6.7;7;8;8;8;8;"7";1.0419;61
"1018";20000406;77;1.7;5.6;9.5;10.8;9.7;2;6;6;6;"3";1.8794;61
"1019";20000407;66;-0.5;9.1;13.4;16.1;14.7;0;0;0;0;"0";7;77
"1020";20000408;80;4.5;11.7;17.2;18.8;17.2;0;1;1;1;"0";4.924;66
"1021";20000409;74;3.9;7.8;12.5;14.8;12.3;7;8;7;7;"8";5.1962;80
"1022";20000410;56;9;10.9;10.9;13.5;11;6;5;8;5;"7";3;74
"1023";20000411;69;1.1;8.1;10;8.3;5.2;6;7;7;7;"6";-5.3623;56
"1024";20000412;63;1.9;8.3;8.7;10.2;7.4;1;5;6;6;"5";-6.1284;69
"1025";20000413;65;5.4;10.3;13.7;14.6;10;2;5;6;4;"5";-6.8937;63
"1026";20000414;54;5.2;8;7.7;7.2;7.9;8;8;8;8;"8";5;65
"1027";20000415;60;7.6;6.6;7.8;9.3;8.9;8;8;8;6;"6";-9.3969;54
"1028";20000416;69;2.2;6.3;7.9;13;11.5;7;8;8;6;"4";4.6985;60
"1029";20000417;64;7.1;10.7;13.2;13.9;11.8;5;5;7;5;"2";-8.6603;69
"1030";20000418;56;9.8;11.4;11.6;12.4;11.8;7;7;8;7;"7";-1.3892;64
"1031";20000419;61;5.1;11.7;13.5;12.3;11.7;2;4;7;8;"8";-2.0521;56
"1032";20000420;58;12.5;13.6;15;12.1;10;8;7;8;8;"8";-4.4995;61
"1033";20000421;71;9.9;12.6;17;17.4;16.5;3;7;6;6;"7";-4;58
"1034";20000422;69;9.6;13.8;15.2;15.6;14.5;7;7;7;6;"5";-3.2139;71
"1035";20000423;73;8.5;12.7;13.8;14.3;13;8;3;5;6;"7";-6.0622;69
"1036";20000424;57;6.9;10.1;11.6;11.5;11.1;3;8;8;8;"7";2.3941;73
"1037";20000425;61;12;14.5;14.1;11.9;11.1;7;6;8;8;"8";-2.3941;57
"1038";20000426;66;9.7;11.9;14.5;14.6;13.1;8;7;5;7;"6";-5.7851;61
"1039";20000427;56;8.4;9.9;13.4;13.4;13;8;8;7;8;"8";-0.3473;66
"1040";20000428;72;8.5;11.7;14.4;16.2;14.5;7;7;6;6;"6";0;56
"1041";20000429;70;7;12.4;15.8;18.1;17.4;1;5;5;5;"3";1.7101;72
"1042";20000430;75;7.2;16.5;19.3;21.1;19.8;1;5;6;6;"6";4.924;70
"1043";20000501;79;12.4;17.2;20.2;21.8;19.2;4;7;8;2;"3";4.3301;75
"1044";20000502;60;12;12.7;16.9;15.3;14.4;8;8;6;8;"8";5.6382;79
"1045";20000503;58;11.2;12.7;14.8;13.7;13.5;8;8;8;8;"8";5.1962;60
"1046";20000504;54;11;12.8;16;18.2;16.5;8;8;8;7;"8";3.4641;58
"1047";20000505;90;13.4;18.2;21.8;23.7;23;4;7;4;2;"4";4;54
"1048";20000506;91;14.6;19.2;22.3;23;18.7;7;4;6;6;"7";0.684;90
"1049";20000507;75;14.5;16.8;19.6;20.6;16.4;7;8;7;7;"7";1;91
"1050";20000508;71;13;15.3;18.5;17.2;19.8;8;7;7;7;"6";1;75
"1051";20000509;74;12.9;14.1;19;22;20.6;8;8;6;6;"7";2;71
"1052";20000510;77;15.1;15.8;18.3;21.5;19.5;8;8;6;6;"7";2.8191;74
"1053";20000511;68;15.4;16.5;17.9;17.1;17.3;8;8;8;7;"7";4.3301;77
"1054";20000512;75;14.2;15.7;16.1;18.3;17.7;8;8;8;7;"5";-0.1736;68
"1055";20000513;94;12.7;13.6;17.9;22;22.2;9;8;5;2;"1";0.342;75
"1056";20000514;92;12.3;17.5;23.1;24.5;23.6;8;5;5;5;"6";2.9544;94
"1057";20000515;113;13.7;22;26;27;25.3;4;4;4;3;"3";0;92
"1058";20000516;93;16;17.9;21.2;21;16.9;8;7;4;3;"7";-3.0642;113
"1059";20000517;87;10.5;13.4;16.2;16.3;15;1;4;6;6;"7";-4;93
"1060";20000518;83;11.2;14.2;14.2;14.4;12.6;8;6;6;7;"7";-2.5;87
"1061";20000519;79;9.8;12.9;14.7;15;14.7;8;7;6;7;"5";-4.6985;83
"1062";20000520;82;9.2;14.2;16.1;17.8;16.6;6;6;6;7;"7";0;79
"1063";20000521;75;10.6;12.7;14.2;15.5;13.7;4;6;6;5;"6";-3.8567;82
"1064";20000522;73;10.8;13.9;15.7;17;16.2;7;7;7;7;"7";-3.7588;75
"1065";20000523;81;12.5;15.6;18.3;16.9;15.8;4;8;7;7;"8";-4.4995;73
"1066";20000524;57;14.2;16.5;16.4;15.3;15;8;8;8;8;"8";-2.5;81
"1067";20000525;81;11.1;13.7;17.2;18.8;16.6;7;6;6;5;"5";-4.924;57
"1068";20000526;73;10.8;13.2;13.6;16.1;12.9;7;8;8;8;"7";1.3892;81
"1069";20000527;77;8.6;13.9;14.7;13.5;11.2;1;4;7;8;"8";-4.4995;73
"1070";20000528;78;9.9;13.3;15.1;16.3;14.4;2;6;5;6;"6";-6;77
"1071";20000529;77;8.7;14.2;15.8;16.7;15;0;6;7;7;"8";-2.5981;78
"1072";20000530;59;13;14.8;15.1;15.7;14.9;8;8;8;8;"8";-4.3301;77
"1073";20000531;67;12.1;15.5;16.4;19.5;17.2;8;7;7;6;"7";-0.5209;59
"1074";20000601;67;13.1;14.4;17.9;20.2;20.8;8;8;6;3;"1";-3.2139;67
"1075";20000602;86;13.1;16.9;21.1;24.1;24.3;2;1;4;2;"2";-0.5;67
"1076";20000603;72;14.4;17.8;19;21.7;21.9;8;8;8;5;"4";-2.9544;86
"1077";20000604;82;11;15.7;19;20.5;17.8;2;5;5;5;"7";-1.9284;72
"1078";20000605;61;12.4;14.1;16.4;16.2;16.3;8;7;8;8;"7";-1.5;82
"1079";20000606;70;9.2;14.6;17.6;14.6;16;5;5;8;8;"4";-2.2981;61
"1080";20000607;85;9;14.2;18.6;20.3;20.1;9;5;5;4;"2";2.9544;70
"1081";20000608;107;12.7;19.7;23.2;25.1;24.9;4;1;1;1;"2";2.5;85
"1082";20000611;83;13.3;15.7;18.5;20.2;18;8;6;7;4;"4";-2.5712;76
"1083";20000612;75;13.8;16.3;18.8;23.4;23.4;7;7;7;3;"2";-1.2856;83
"1084";20000613;59;14.3;15.5;20.1;24.2;24.8;8;8;6;2;"3";0.9397;75
"1085";20000614;63;15.2;17.7;21.8;25.1;22.4;8;6;2;2;"0";-1.5;59
"1086";20000615;52;13.7;15.4;20.6;25;25.3;8;8;2;1;"1";-0.3473;63
"1087";20000616;102;15.6;17.7;25.7;28.4;27.9;0;8;0;3;"2";2.9544;52
"1088";20000617;108;17.8;23.4;27.5;29.3;28.5;5;1;1;1;"0";3.4641;102
"1089";20000618;116;17.6;23.7;29.2;31.9;31.8;0;0;0;0;"0";4.3301;108
"1090";20000619;131;20.6;24.6;28.3;29.3;26;1;1;1;2;"5";0;116
"1091";20000620;99;17.4;19;23.3;23.6;21.1;7;7;4;7;"5";-0.684;131
"1092";20000621;76;17.2;20.3;21.6;20.8;19.4;8;7;6;6;"5";-6.8944;99
"1093";20000622;75;14.7;18.2;19;19.3;17.2;5;7;7;7;"7";-6.5778;76
"1094";20000623;60;14.3;17.2;17.6;16.3;16.5;7;7;7;7;"8";-4.924;75
"1095";20000624;70;12.7;15.5;17.1;16.7;15.1;7;7;8;7;"8";-3.2139;60
"1096";20000625;81;11.8;15.5;17.7;20;18.5;7;5;6;6;"4";2.2981;70
"1097";20000626;106;11.8;18.9;21.9;22.8;22.5;0;1;4;3;"1";4;81
"1098";20000627;112;14.2;19.8;23;24.4;23.2;4;3;5;4;"7";7;106
"1099";20000628;128;15.8;20.4;24.1;25;23.1;1;5;7;7;"7";1.9696;112
"1100";20000629;100;16.3;19.7;23.2;23.5;20.8;8;8;6;7;"7";-1.2856;128
"1101";20000630;94;15;18.4;22.1;22.7;23.4;8;6;6;7;"6";-0.684;100
"1102";20000701;75;16.3;19.8;24;24.3;22.3;8;7;5;5;"5";-4.4995;94
"1103";20000702;73;15.3;19.1;21.7;22.5;22.1;7;8;7;2;"6";0.3473;75
"1104";20000703;67;14.4;20.4;18.6;20.8;20.1;4;6;8;7;"6";-1.5321;73
"1105";20000704;69;15.4;17.5;21.2;19;17.1;7;6;3;6;"5";-6.5778;67
"1106";20000705;80;15.2;19;20.6;22.2;21.4;7;7;7;5;"6";-3;69
"1107";20000706;88;15.8;20.8;23.4;24.9;24;3;6;7;4;"7";3.9392;80
"1108";20000707;79;16.2;15.9;17.4;17.7;16.4;8;8;8;8;"8";1.0419;88
"1109";20000708;71;12.3;16.8;18.6;19.1;17.5;3;5;7;7;"7";-1.7101;79
"1110";20000709;52;14.1;16.5;18.2;17.4;16.3;8;8;8;8;"8";-5.6382;71
"1111";20000710;70;12.5;16.2;16.7;17.4;15.9;2;7;7;3;"7";-6.0622;52
"1112";20000711;64;13.4;16.1;17.1;15.5;15;4;5;4;6;"4";-8.4265;70
"1113";20000712;64;9.6;16.4;19.7;19.2;15.8;5;7;5;7;"8";-4.924;64
"1114";20000713;65;13.9;15.3;19.8;22.7;19.3;7;8;5;4;"7";-5.6382;64
"1115";20000714;68;14.3;16.4;18.4;19.1;16.7;8;7;6;7;"7";-4;65
"1116";20000715;72;13.5;16.1;18;19.3;18.1;7;7;5;3;"3";0;68
"1117";20000716;82;10.5;16.9;18.9;20.6;20.3;6;5;7;5;"1";1.3681;72
"1118";20000717;93;12.3;18;21.9;22.3;21.9;1;0;1;3;"2";3.9392;82
"1119";20000718;115;11.3;19.1;22;23.6;22.3;0;1;3;4;"0";2.5981;93
"1120";20000719;126;12;20.6;24.1;23.7;20.9;1;2;4;8;"7";2.5981;115
"1121";20000720;127;13.2;21.4;24.9;25.9;24.4;1;0;2;2;"1";0.5209;126
"1122";20000721;132;16.1;23.2;26.1;27.6;26.8;0;0;0;0;"0";5.6382;127
"1123";20000722;109;17;22.2;25.4;24.6;25.2;2;4;7;7;"7";7;132
"1124";20000723;108;17.4;20.9;24.8;25.1;20.2;6;4;6;8;"8";1.9696;109
"1125";20000724;78;16.7;19.3;20.2;18.3;17.8;7;7;7;8;"8";-6;108
"1126";20000725;76;16.1;19.1;21.5;19.4;20.6;8;7;7;7;"6";1.9696;78
"1127";20000726;68;17.5;18.2;20.3;20;20.9;8;7;7;6;"3";-2.8191;76
"1128";20000727;85;15.2;17.6;18.4;20.1;17.3;8;8;8;6;"7";-1.5321;68
"1129";20000728;63;15.8;19.9;21.3;21.2;17.5;7;6;7;6;"6";-3.8302;85
"1130";20000729;61;14.4;18.2;20;19;20.2;2;5;5;7;"7";-3.0642;63
"1131";20000730;74;13;17.4;21.4;24;23.9;7;3;5;5;"3";-1.7321;61
"1132";20000731;106;14.8;22.1;26.2;28;27.8;1;1;1;1;"1";1.0261;74
"1133";20000801;89;14;20;23.8;23.6;21.5;0;3;3;6;"3";-2.5981;106
"1134";20000802;70;14.9;18.4;23.4;19;20.6;1;5;5;6;"6";-5.1962;89
"1135";20000803;72;14;17.8;20.3;21.7;18.6;2;7;6;6;"4";-4.6985;70
"1136";20000804;80;15.5;18.1;20.7;20.9;19.7;7;7;4;5;"1";-1.2155;72
"1137";20000805;74;12;18.4;21;22;20.1;3;3;4;3;"1";-1.9284;80
"1138";20000806;62;15.4;17.2;21.5;21.1;21.1;7;8;7;7;"7";-1.8794;74
"1139";20000807;67;17.6;20.7;24.2;24.9;25.6;8;7;6;7;"5";1.9696;62
"1140";20000808;66;16.7;18.6;22.4;23.8;24.1;8;8;8;6;"7";-0.6428;67
"1141";20000809;98;16.5;22.7;27.3;28.5;23.7;1;1;1;1;"0";-2;66
"1142";20000810;53;14.4;17.9;20.8;24.2;22.7;8;8;8;2;"1";-0.866;98
"1143";20000811;99;14.1;19.6;25.5;28;26.7;0;0;1;2;"1";0.3473;53
"1144";20000812;97;16.3;19.7;25.1;26.3;23.7;7;5;1;1;"2";-0.5209;99
"1145";20000813;89;16.6;21.1;23;21.5;21.3;7;7;6;8;"7";-2.0521;97
"1146";20000814;64;19.1;20;23.2;23.1;23.1;7;8;7;7;"3";-3.8302;89
"1147";20000815;75;14.8;18.7;22.9;24.7;22.5;2;1;1;5;"6";-3;64
"1148";20000816;58;17.3;20.4;22.5;23.5;21.9;7;6;7;7;"6";-4.6985;75
"1149";20000817;80;14.6;18.7;22.7;23;20.4;1;3;5;5;"7";-3.4641;58
"1150";20000818;53;15.1;18.9;20.5;19.2;18.7;7;8;8;8;"7";-1.3681;80
"1151";20000819;61;16.8;18.6;20.2;22;17.8;7;7;7;7;"8";-1.2856;53
"1152";20000820;55;13.5;16.8;15.9;16.2;17;8;8;8;7;"7";-0.342;61
"1153";20000821;70;10.5;15.5;20;20.5;17.4;2;1;4;7;"3";-2.2981;55
"1154";20000822;85;11.9;18.3;22;24;23.4;6;6;6;6;"1";4.3301;70
"1155";20000823;120;17.6;22;26.9;29.6;27.3;7;5;1;1;"6";6.5778;85
"1156";20000824;140;16.8;23.3;27.8;31.4;29.9;6;2;2;0;"2";3.2139;120
"1157";20000825;126;20.2;25.8;31.2;32.7;28;2;2;7;7;"7";5.1962;140
"1158";20000826;102;18;18.8;19.8;22.9;20.9;8;8;8;2;"6";-3.8302;126
"1159";20000827;66;14.6;18;21.7;19.8;20.1;7;3;6;6;"6";-4.6985;102
"1160";20000828;68;14.6;18.7;20.1;20;20.3;7;7;7;7;"2";-1.9696;66
"1161";20000829;72;14;18.4;22.3;23.3;21;3;6;7;7;"7";-0.1736;68
"1162";20000830;91;14.8;19.8;23.4;22.8;20.7;4;5;5;5;"3";4.3301;72
"1163";20000831;113;11.9;18.5;24.2;24.1;21;7;3;6;7;"6";-2.2981;91
"1164";20000901;79;12.7;17.5;20.5;20.5;18.3;1;3;5;6;"4";-5.9088;113
"1165";20000902;68;14.9;18;20.5;20.4;18.4;2;6;5;4;"6";-2.0521;79
"1166";20000903;79;12.1;15.1;18.7;20.7;18.9;7;7;7;3;"1";0.5209;68
"1167";20000904;79;6.9;15.1;19.8;21.2;19.1;1;1;5;3;"5";1.7321;79
"1168";20000905;102;9;17.9;21.9;23;19.9;3;7;8;7;"8";-2;79
"1169";20000906;64;16.8;19;21.4;21.5;19.7;7;7;7;8;"8";-5.1962;102
"1170";20000907;74;11.1;16.6;20.5;21.8;21.9;3;7;5;7;"6";-2;64
"1171";20000908;53;14.5;20.7;23.3;24.1;23;2;4;5;6;"4";-1.8794;74
"1172";20000909;83;15.8;22.2;25.9;27.8;25.4;3;1;1;1;"0";2.8191;53
"1173";20000910;95;16.3;22.4;28.5;30.5;28.7;1;0;0;0;"0";3.7588;83
"1174";20000911;123;17.5;22.6;30.6;31.8;25.6;6;6;4;3;"7";0.8682;95
"1175";20000912;85;17;16.9;18.6;20.6;18.5;8;8;7;3;"5";-2.5712;123
"1176";20000913;64;11.2;15;18.9;20.4;19;6;8;7;7;"7";-0.9848;85
"1177";20000914;70;13.6;18.9;23.1;23.5;21.8;1;1;4;7;"5";-2.2981;64
"1178";20000915;68;15.5;18.5;22.5;18.6;17.1;9;6;7;6;"5";-4;70
"1179";20000916;69;12.4;17.1;20.9;21.2;17.9;6;3;5;4;"4";-3.4641;68
"1180";20000917;68;9.3;15.5;18.7;20.2;18.3;3;6;7;6;"6";-2.8191;69
"1181";20000918;66;13.3;16;19.3;19.7;18.8;7;7;7;8;"8";-3.0782;68
"1182";20000919;55;13.5;14;13.8;15.3;14.6;8;8;8;8;"7";-1.0261;66
"1183";20000920;61;9.8;14.7;15.4;18.2;15.2;1;4;6;5;"4";-2.5981;55
"1184";20000921;61;12.2;14.6;17.3;20.9;18.7;7;8;7;4;"1";-3.5;61
"1185";20000922;64;17.7;20.3;23.4;24;22.1;8;5;6;5;"3";-4.4995;61
"1186";20000923;98;15;19.6;24.9;26.9;24.1;2;1;1;1;"3";3.2139;64
"1187";20000924;73;15.5;13.4;18.6;18.5;16.7;7;7;5;3;"1";-3.0642;98
"1188";20000925;72;12.4;15.7;20.4;22.8;19.5;6;7;6;6;"2";-1.0419;73
"1189";20000926;72;12.2;18.2;21.7;22;18.5;5;5;6;4;"4";-4.4995;72
"1190";20000927;51;10.9;15.4;19.2;18;16.4;1;6;7;8;"8";-4.4995;72
"1191";20000928;67;15.2;15.5;17.2;17.6;15.5;8;8;7;7;"7";-4.3301;51
"1192";20000929;72;12.6;15.6;18.6;18.6;16.3;6;1;4;2;"2";-0.8682;67
"1193";20010401;80;7.1;11.5;15.8;18.8;17.6;5;7;6;5;"4";3.0642;83
"1194";20010402;80;9.5;14.8;17.8;18.4;11.5;1;6;6;7;"8";-0.8682;80
"1195";20010403;86;7.7;11.7;14.7;12.8;12.4;1;4;7;7;"7";-2.3941;80
"1196";20010404;87;7.9;10.1;10.7;11.6;8.8;4;4;5;6;"3";-6.9282;86
"1197";20010405;74;6.5;8.6;11.3;11;13.4;7;8;8;8;"6";-4.5;87
"1198";20010406;78;11.2;12.4;13.1;14.1;12.4;7;8;8;7;"6";-4.5963;74
"1199";20010407;84;6.1;9.1;12.4;12.6;10.9;4;7;7;6;"6";-6.8937;78
"1200";20010408;88;8.4;10.5;12.7;12.8;13.1;6;3;7;8;"7";-3.2139;84
"1201";20010409;74;11.3;12.5;14.4;14.8;14.2;8;8;7;7;"7";-4;88
"1202";20010410;88;9.8;11;10.2;12;11;7;7;7;7;"7";-5.7851;74
"1203";20010411;89;9.2;9.8;12.8;13.3;11;7;8;4;3;"6";-1.2155;88
"1204";20010412;81;3.1;9;11.8;12.6;11.1;5;7;7;8;"8";-0.3473;89
"1205";20010413;81;8.2;10.1;11.5;11.5;10.7;8;8;7;7;"4";1.0261;81
"1206";20010414;99;1.4;7.7;10.4;12.5;12.3;1;3;6;6;"7";0.766;81
"1207";20010415;77;9.3;11.9;13.8;12;11.2;8;7;7;8;"7";-4.6985;99
"1208";20010416;75;5.9;10.3;12;12.1;11.6;3;5;5;6;"4";0;77
"1209";20010417;88;2.1;9.9;11.5;12.4;12;2;1;4;5;"6";-1.0261;75
"1210";20010418;89;8.1;10;10.1;10.3;8;8;8;7;7;"1";0;88
"1211";20010419;91;1.8;6.6;8.1;8.8;8.2;7;7;6;7;"3";-2.5;89
"1212";20010420;88;2.6;6;7.7;9.6;8.3;3;2;6;7;"6";0;91
"1213";20010421;94;2.3;7.8;10.3;10.4;9.3;1;6;4;5;"7";1.0419;88
"1214";20010422;84;5.7;8.7;9.8;8.7;7.1;8;7;8;8;"8";1.2155;94
"1215";20010423;93;5.6;8.3;12.9;14.2;12.9;6;6;6;5;"7";-3.0642;84
"1216";20010424;95;8.8;13.3;15;16.6;14.2;8;7;7;5;"2";-5.7851;93
"1217";20010425;84;7.9;10.3;14.3;9.9;12;5;7;6;7;"7";-8.4572;95
"1218";20010426;82;7.8;12.8;13;11.3;10.8;2;6;8;8;"8";-2.5;84
"1219";20010427;87;10.6;12.8;14.8;16.3;14;8;7;7;6;"7";-2.5712;82
"1220";20010428;93;11.3;10.9;12.8;16;14;8;8;6;5;"6";-4.3301;87
"1221";20010429;90;8.5;11.8;10.6;12.7;9.4;6;7;7;7;"7";-4.3301;93
"1222";20010501;91;9.4;10.4;10.7;12.8;13.4;8;8;7;7;"5";7.8785;83
"1223";20010502;67;8.5;12;13.4;14.9;13.8;8;7;8;6;"7";0.6946;91
"1224";20010503;62;9.7;10;10.8;10.2;8.5;8;8;8;8;"8";0;67
"1225";20010504;80;8.7;8.7;9.7;10.4;9.8;8;8;8;8;"8";3.5;62
"1226";20010505;88;6.9;9.6;12.1;12.8;11.3;1;2;2;2;"3";4.5;80
"1227";20010506;83;5.8;8.4;9.8;11;10.8;7;7;7;7;"7";3.5;88
"1228";20010507;75;7.7;11.1;14.7;15.1;13.4;8;7;6;3;"2";1.7101;83
"1229";20010508;94;8.5;10.8;15.1;17.6;16.4;8;8;3;7;"1";0;75
"1230";20010509;61;10;10.9;15.9;16.8;17.6;8;8;7;6;"3";1.9284;94
"1231";20010510;63;10.4;12.5;17.3;19.9;18.8;6;7;8;8;"8";0.6428;61
"1232";20010511;110;11.5;14.3;22;24.1;22.3;9;5;5;4;"6";-1.7321;63
"1233";20010512;139;11.2;21.9;26;26.8;25.9;0;0;1;2;"0";4.3301;110
"1234";20010513;94;15.6;15.6;16.8;17.6;17.8;8;7;7;6;"6";-4.6985;139
"1235";20010514;94;8.8;15.8;19.6;19.2;19.1;6;6;5;7;"7";0.5209;94
"1236";20010515;88;9.9;14.8;14.9;17.7;14.9;5;7;7;5;"7";-2;94
"1237";20010516;96;13.2;13.2;15.7;17.3;15.7;6;7;7;5;"7";-4.5963;88
"1238";20010517;84;9.1;12.7;13.7;14.1;13.1;1;7;6;7;"5";-3.9392;96
"1239";20010518;80;8.9;13.7;16.1;16.7;14.9;3;5;2;1;"0";-2.0521;84
"1240";20010519;88;6.8;13.9;16.2;16.7;15.9;0;4;6;7;"1";-0.3473;80
"1241";20010520;101;10.3;16.8;19.9;21.3;20;5;3;3;3;"2";5.6382;88
"1242";20010521;117;10.6;16.8;22.1;23.4;22.3;0;0;0;1;"1";5.6382;101
"1243";20010522;109;10.9;17.5;22.5;25.2;24.2;1;2;2;3;"5";3.2139;117
"1244";20010523;122;14.9;20.2;22.8;24.2;22.5;5;3;1;3;"1";2.2981;109
"1245";20010524;143;12.4;19.4;24.6;25.2;23.7;1;1;3;5;"3";0.9848;122
"1246";20010525;130;13.3;17.8;21.4;21.5;19.4;8;3;6;7;"7";-1.3681;143
"1247";20010526;110;13.3;16.9;20.3;20.5;19.3;7;7;7;7;"7";-3;130
"1248";20010527;80;13.2;16.1;20.2;23.6;24.2;9;7;6;5;"3";-1.8794;110
"1249";20010528;106;14.2;21.9;26.9;28.9;29.3;5;6;5;3;"1";-1.9696;80
"1250";20010529;61;13.2;15.3;21.4;25.7;22.9;8;8;4;3;"4";1.0261;106
"1251";20010530;80;14.5;21.6;25;23.7;20;5;3;3;3;"1";0;61
"1252";20010531;84;13.3;16.5;19.1;18.3;16.4;3;6;4;2;"1";-1.2155;80
"1253";20010601;87;10.1;15.6;18.5;18.4;17.9;1;4;4;8;"5";-1.7101;84
"1254";20010602;82;12.8;17;18.4;17.7;15.8;6;5;5;7;"7";-4;87
"1255";20010603;92;11.3;15.3;17.6;19.5;18.3;1;2;5;4;"1";1.8794;82
"1256";20010604;114;9.3;16.2;19.7;22.5;22.5;1;1;1;0;"1";0.3473;92
"1257";20010605;94;12;17.4;20.5;20.4;18.7;6;8;8;7;"7";-2.9544;114
"1258";20010606;80;13.1;17.7;19.8;18.3;16.7;7;6;6;7;"8";-5;94
"1259";20010607;79;13.4;16.8;15.6;14.9;14.4;7;7;8;8;"8";-1.8794;80
"1260";20010608;70;11.3;13.4;13.8;15.4;15;8;8;8;8;".";0;79
"1261";20010609;99;10.9;15.1;17.6;18.9;17;7;2;4;4;".";-0.6946;70
"1262";20010610;79;9.3;14.9;17.5;18.9;16.8;6;5;5;4;"2";-1.0419;99
"1263";20010611;101;9.1;16.1;19.6;21.4;19.9;0;2;4;4;"5";-1.0261;79
"1264";20010612;106;10.1;18.3;21.9;22.9;21.7;7;5;6;8;"7";-2.2981;101
"1265";20010613;101;12.5;17.3;19.3;20.2;19.1;1;7;7;3;"1";-1.5;106
"1266";20010614;90;12.5;17.6;20.3;17.4;16.1;6;7;6;8;"8";-1.0419;101
"1267";20010615;72;14.3;18.3;19.6;19.4;18.6;6;7;5;6;"6";-2.7362;90
"1268";20010616;70;14.7;17.1;18.2;18;15.8;8;7;7;7;"7";-7.8785;72
"1269";20010617;83;13.4;15.4;17.4;16.6;15.9;7;8;7;7;"6";-2.0521;70
"1270";20010618;88;10.7;15.9;19.1;21.5;19.9;1;6;5;4;"3";-2.9544;83
"1271";20010620;145;15;21;24.6;26.9;26.7;0;0;1;1;"0";-1.5321;121
"1272";20010621;81;13.4;16.2;22.4;23.4;22.8;8;8;3;1;"0";0.3473;145
"1273";20010622;121;12.9;19.7;24.2;26.9;26.9;2;2;1;0;"0";1.7321;81
"1274";20010623;146;16.5;23.6;28.6;28.4;22.5;3;1;1;2;"0";-1.9284;121
"1275";20010624;121;15.3;20.4;25.2;27.7;25;6;1;0;0;"0";-0.5209;146
"1276";20010625;146;17.3;27;32.7;33.7;32.6;0;0;0;0;"2";6.5778;121
"1277";20010626;108;20.7;24;23.5;25.1;20.8;0;4;4;0;"6";-3.8567;146
"1278";20010627;83;16.2;19.7;22.9;24.8;22.5;6;7;6;6;"7";-3.9392;108
"1279";20010628;57;14.3;20.1;22.4;22.8;22.3;5;7;6;7;"1";-3.8302;83
"1280";20010629;81;14.6;19.6;25.1;27.2;24.6;7;3;4;4;"6";-2.5712;57
"1281";20010630;67;16.8;19.5;23.4;23.7;22.2;8;5;5;4;"3";-3.0642;81
"1282";20010701;70;14.1;18.8;22.7;24.9;23.4;7;5;2;1;"0";0;67
"1283";20010702;106;16.8;24.1;28.4;30.1;30;0;0;0;1;"1";3.9392;70
"1284";20010703;139;20.4;26.6;30.1;31.9;29.1;0;0;1;4;"5";2;106
"1285";20010704;79;17.7;19.5;18.8;17.8;17;7;8;8;8;"7";-0.866;139
"1286";20010705;93;16;16.8;18.2;22;24;7;8;8;6;"3";0;79
"1287";20010706;97;16;20.8;23.7;25;22;6;2;3;4;"5";1.7101;93
"1288";20010707;113;15.5;17.5;18.2;22.7;21.8;8;8;8;5;"7";-3.9392;97
"1289";20010708;72;14.1;18.1;21.2;23.9;22.1;7;7;6;4;"3";-3.9392;113
"1290";20010709;88;12.4;19.2;22;25.2;23.3;3;4;7;4;"4";-3.0642;72
"1291";20010710;77;17.6;19.4;20.7;22.5;19.5;8;7;8;7;"8";-5.6382;88
"1292";20010711;71;14;19.2;21;22.4;21.4;1;6;4;6;"5";-6.8937;77
"1293";20010712;56;13.2;13.8;17.3;18.5;19.6;8;8;8;6;"6";-3.8302;71
"1294";20010713;45;13.5;14.3;14.5;15.2;15.1;7;8;8;8;"8";4;56
"1295";20010714;67;12.3;15.6;18.6;20.3;18.5;8;5;7;5;"6";-3.7588;45
"1296";20010715;67;10.9;16.9;19.1;19.5;14.4;1;5;5;6;"7";-3.7588;67
"1297";20010716;84;13.7;17.4;20.4;21.4;20.4;4;3;4;6;"6";0.3473;67
"1298";20010717;63;13.4;15.1;20.5;20.6;16.8;8;8;6;6;"6";-5.3623;84
"1299";20010718;69;14.9;15.1;15.6;15.9;15.7;8;8;8;8;"8";-3.8302;63
"1300";20010719;92;14.5;16.7;19.1;19.3;18.4;6;7;6;4;"2";-4.4995;69
"1301";20010720;88;13.1;16.9;20.3;20.7;17.9;6;6;6;5;"7";-3.4641;92
"1302";20010721;66;16.8;18;21.6;23.3;22;8;8;6;5;"5";-3.5;88
"1303";20010722;72;14.8;18.6;21.9;23.6;21.5;7;4;7;6;"6";-1.9696;66
"1304";20010723;81;15.5;18.8;22.5;23.9;20.6;7;6;3;2;"3";-1;72
"1305";20010724;83;13.2;19;22.5;24.1;22.3;1;2;4;6;"4";-1.0261;81
"1306";20010725;149;12.6;19.9;26.9;29;27.3;1;3;4;3;"5";-0.9397;83
"1307";20010726;153;14.8;23.8;27.7;29.4;27.7;0;1;1;4;"1";1.5;149
"1308";20010727;159;17.3;24;28.3;26.5;23.6;1;2;2;7;"7";1.2856;153
"1309";20010728;149;17.9;23.3;27.6;28.8;28.7;5;4;6;3;"2";-1.5321;159
"1310";20010729;160;19.9;25;29.6;31.1;30.2;7;0;3;5;"6";-0.684;149
"1311";20010730;156;18.7;24.9;30.5;32.2;28.3;0;0;1;4;"1";-1.8794;160
"1312";20010731;84;17.8;20.5;26.3;27.8;25.2;6;1;0;2;"1";-0.6946;156
"1313";20010801;126;17.3;25.3;29.5;31.2;30;3;1;4;4;"1";3.7588;84
"1314";20010802;116;20.4;21.3;23.8;22.1;19.1;7;7;7;8;"7";-2.3941;126
"1315";20010803;77;15.6;20;18.2;23.6;17.4;6;5;7;6;"7";-2.5981;116
"1316";20010804;63;13.3;18.7;20.6;20.3;17.6;1;6;7;7;"7";-4.924;77
"1317";20010805;54;16.4;18.6;18.7;17.8;17.3;7;8;8;8;"7";-2.5;63
"1318";20010806;65;17.4;19.2;23;22.7;21.3;7;8;7;7;"6";-4.924;54
"1319";20010807;72;17.9;19.9;21.6;20.4;16.5;8;7;7;8;"7";-4.5963;65
"1320";20010808;60;15.1;18.7;21.4;21.7;19.5;6;7;7;7;"6";-6.0622;72
"1321";20010809;70;13.3;18.4;17.1;20.5;18.6;2;3;6;3;"2";-3.2139;60
"1322";20010810;77;10.6;17.1;20;20.8;20.3;3;4;5;4;"1";-1.0261;70
"1323";20010811;98;10.4;17.8;22.8;24.3;24.2;2;1;1;0;"1";-1.5321;77
"1324";20010812;111;13;20.9;25.2;26.7;24.9;1;1;5;2;"1";-3;98
"1325";20010813;75;17.1;18.8;20.5;26;26.9;8;8;7;1;"0";0;111
"1326";20010814;116;15;23.5;29.8;31.7;30;0;1;3;5;"6";1.3681;75
"1327";20010815;109;18.6;20.8;23.7;26.6;23.4;8;8;5;4;"5";-1.7101;116
"1328";20010819;67;16.7;18.8;21.1;18.9;16.1;7;7;7;8;"8";-5.3623;86
"1329";20010820;76;13.4;17.8;21.3;24;21.2;5;7;5;5;"5";-2.2981;67
"1330";20010821;113;12;20.6;24.8;27;24.6;3;1;1;2;"1";0.8682;76
"1331";20010822;117;14.7;21.6;26.9;28.6;28;3;6;6;4;"2";1.9284;113
"1332";20010823;131;16.1;22.7;28.4;30.1;27.1;4;5;3;3;"3";-1.9696;117
"1333";20010824;166;17.2;19.8;27.2;30.8;30.3;8;4;0;1;"0";-0.866;131
"1334";20010825;159;17.7;25;33.5;35.5;32.5;9;1;1;1;"5";0.6946;166
"1335";20010826;100;18.6;20.1;22.9;27.6;27.9;8;8;8;6;"7";-1.7321;159
"1336";20010827;114;19.2;21;26.3;26.4;24;6;7;4;5;"3";2.8191;100
"1337";20010828;112;15.2;21;24.4;26.8;24.9;1;1;6;3;"5";4;114
"1338";20010829;101;16.1;16.9;17.8;20.6;20.7;7;7;7;7;"6";-0.5209;112
"1339";20010830;76;14.4;17.5;18.6;18.7;18.2;7;7;7;7;"7";-4;101
"1340";20010831;59;12.1;16.5;20.3;20.3;17.8;2;5;7;6;"6";-5.3623;76
"1341";20010901;78;12.2;17.7;20.2;21.5;19.4;5;5;5;3;"4";0.5209;59
"1342";20010902;76;10;17.3;22.7;24.6;20.9;4;4;5;6;"5";-2.9544;78
"1343";20010903;55;14.5;15.3;16.8;19.2;17.5;8;8;7;5;"2";-1.8794;76
"1344";20010904;71;13.6;15.9;19.2;19.5;17.2;7;7;5;3;"3";0;55
"1345";20010905;66;9;16.2;18.9;19.3;17.7;1;2;5;6;"2";-0.8682;71
"1346";20010906;59;14.5;18.3;18.3;19;17.2;8;7;7;7;"1";-1.9284;66
"1347";20010907;68;10.9;16.9;20.8;22.5;20.8;7;6;5;7;"7";-3.4641;59
"1348";20010908;63;15.5;17.3;19.8;19.4;17.3;7;7;8;8;"7";-6.0622;68
"1349";20010912;78;9;14.2;22.2;22;19.3;3;5;5;6;"7";-5;62
"1350";20010913;74;15.5;15.8;18.7;19.1;15;8;8;7;7;"6";-6.8937;78
"1351";20010914;71;10.5;15.2;17.9;18.6;16.9;6;6;5;1;"2";-1.3681;74
"1352";20010915;69;12.6;17.1;17.7;17.5;15.6;8;6;7;8;"6";-2.7362;71
"1353";20010916;71;11.4;15.4;17.7;16.6;14.9;4;4;5;5;"5";0;69
"1354";20010917;60;10.5;13.7;14;15.8;13.6;6;4;5;4;"1";3.2139;71
"1355";20010918;42;11.5;12.7;14.3;14.9;14.7;7;8;7;7;"7";-3.2139;60
"1356";20010919;65;12.5;14.8;16.3;15.9;15.4;7;7;7;7;"7";-6.0622;42
"1357";20010920;71;13.1;15.5;18;17.4;16.5;8;7;7;6;"3";-3.0642;65
"1358";20010921;96;7.6;11.3;19.4;20.2;18;9;3;3;3;"3";3.7588;71
"1359";20010922;98;8.5;15.2;19.7;20.3;17.6;1;2;2;2;"2";5;96
"1360";20010923;92;8.9;14.7;17.6;18.2;15.7;3;1;4;6;"6";5.1423;98
"1361";20010924;76;9.8;13.3;17.7;17.7;15.6;6;7;7;6;"8";-0.766;92
"1362";20010925;84;10.6;13.3;17.7;17.8;16.5;7;3;5;6;"8";-1;76
"1363";20010927;77;13.5;16.2;20.8;22.1;20;8;6;5;5;"5";-2;71
"1364";20010928;99;11.7;16.9;23;22.6;18.9;6;6;4;7;"8";0.8682;77
"1365";20010929;83;16.2;16.9;19.8;22.1;18.1;8;6;5;3;"1";-3.7588;99
"1366";20010930;70;14.5;15.7;18.6;20.7;18;8;7;7;7;"8";-1.0419;83
